/cellminl 
0.544211 black win rate, 7x7 board  50 000 000 samples

91543 202476 314370 424070 531339 642391 822101 
 170321 358735 539545 699109 824680 885594 534246 
  232792 488103 709529 858133 905435 762483 391799 
   301188 622022 840277 915470 840113 620915 301305 
    391333 763309 903786 858220 708171 488659 233083 
     534932 884512 823286 697718 538743 357130 170357 
      820431 644302 530253 425529 313337 202200 91190 
21.695986 avg black moves (among black wins)

7 0.0000 
8 0.0000 
9 0.0001 
10 0.0003 
11 0.0006 
12 0.0013 
13 0.0026 
14 0.0047 
15 0.0079 
16 0.0125 
17 0.0188 
18 0.0269 
19 0.0366 
20 0.0477 
21 0.0594 
22 0.0706 
23 0.0798 
24 0.0861 
25 0.0883 
26 0.0000 
27 0.0000 
28 0.0000 
29 0.0000 
30 0.0000 
31 0.0000 
32 0.0000 
33 0.0000 
34 0.0000 
35 0.0000 
36 0.0000 
37 0.0000 
38 0.0000 
39 0.0000 
40 0.0000 
41 0.0000 
42 0.0000 
43 0.0000 

uni-random game, percent prob. cell is black-win last-move
 18    34    47    60    78   107   164   
   40    72    98   124   153   177   129   
     63   108   142   168   181   165   106   
       85   140   172   183   172   140    85   
        106   165   181   168   142   108    63   
          128   177   152   124    98    71    40   
            164   107    78    60    47    34    18   

0.544211 prob. sum
