257 0.00001 
259 0.00001 
261 0.00001 
263 0.00001 
265 0.00001 
267 0.00001 
269 0.00001 
271 0.00002 
273 0.00002 
275 0.00002 
277 0.00002 
279 0.00003 
281 0.00003 
283 0.00004 
285 0.00004 
287 0.00005 
289 0.00006 
291 0.00007 
293 0.00008 
295 0.00009 
297 0.00010 
299 0.00012 
301 0.00013 
303 0.00015 
305 0.00017 
307 0.00019 
309 0.00022 
311 0.00024 
313 0.00028 
315 0.00031 
317 0.00036 
319 0.00040 
321 0.00044 
323 0.00050 
325 0.00055 
327 0.00061 
329 0.00067 
331 0.00078 
333 0.00084 
335 0.00095 
337 0.00103 
339 0.00114 
341 0.00127 
343 0.00142 
345 0.00158 
347 0.00174 
349 0.00188 
351 0.00207 
353 0.00226 
355 0.00247 
357 0.00270 
359 0.00294 
361 0.00322 
363 0.00349 
365 0.00380 
367 0.00408 
369 0.00443 
371 0.00475 
373 0.00510 
375 0.00555 
377 0.00593 
379 0.00632 
381 0.00679 
383 0.00724 
385 0.00771 
387 0.00818 
389 0.00872 
391 0.00915 
393 0.00971 
395 0.01026 
397 0.01082 
399 0.01136 
401 0.01187 
403 0.01236 
405 0.01301 
407 0.01347 
409 0.01401 
411 0.01448 
413 0.01507 
415 0.01547 
417 0.01595 
419 0.01641 
421 0.01678 
423 0.01724 
425 0.01757 
427 0.01789 
429 0.01809 
431 0.01829 
433 0.01854 
435 0.01869 
437 0.01885 
439 0.01897 
441 0.01888 
