shuffled 50246 wins 100000 samples
 1 1 1 1 1 1 1 0 0 0 0 0 0 1 0 0 0 1 1 0 0 0 0 0 0 0 1 1 0 1 0 0 1 0 0
  0 1 1 0 1 0 0 0 1 0 0 1 0 0 1 1 0 1 1 1 0 1 0 0 0 0 1 0 1 0 1 0 1 0 0
   1 0 0 1 1 1 0 0 1 0 0 0 0 1 1 0 1 1 1 0 1 1 0 0 0 0 0 0 0 0 0 0 1 0 0
    0 0 0 1 1 0 0 0 1 0 1 0 1 1 1 1 0 0 0 0 1 0 0 1 1 1 1 0 0 1 0 1 0 1 1
     0 1 1 0 0 0 1 0 1 1 0 0 0 1 0 0 1 1 1 0 0 1 0 1 1 0 0 1 1 1 0 1 0 0 1
      0 1 0 0 1 1 1 0 1 0 0 1 1 1 1 0 0 0 1 0 0 1 0 1 1 0 1 0 1 1 0 1 0 1 1
       0 1 0 1 0 0 1 1 1 0 0 1 0 0 0 1 1 0 1 0 0 1 0 1 0 1 1 0 0 0 0 1 0 1 1
        0 0 1 1 1 1 0 1 0 1 1 1 1 1 1 0 1 1 1 0 1 0 1 0 1 0 1 0 0 1 1 1 1 1 0
         0 0 0 1 0 1 1 1 0 1 1 1 1 1 0 1 0 1 0 1 1 1 1 1 1 1 1 1 0 0 1 0 0 1 0
          0 1 0 1 1 1 1 0 1 0 1 1 0 0 1 0 0 0 1 0 0 1 1 1 0 0 0 0 0 0 0 0 0 0 1
           0 0 0 0 0 0 1 0 1 1 1 1 1 1 1 0 0 0 1 1 0 0 0 0 1 0 1 1 1 1 0 1 1 0 1
            0 1 0 1 1 1 1 1 0 1 1 0 1 0 1 0 0 0 0 0 1 1 0 0 1 1 1 0 0 0 1 0 0 0 1
             1 0 0 0 1 1 1 1 0 1 1 1 0 1 1 0 1 1 0 0 0 1 1 0 0 0 0 0 1 1 1 1 0 1 0
              1 0 1 1 1 1 0 0 1 1 1 1 1 1 1 0 0 1 1 1 1 0 0 1 0 1 0 0 1 0 0 0 1 1 0
               1 0 0 1 0 0 1 1 1 1 1 1 0 1 1 1 1 0 0 0 1 0 1 0 0 0 0 0 0 1 0 1 0 0 0
                0 1 1 0 1 1 0 0 0 1 0 0 0 1 1 0 1 0 0 1 1 0 1 1 0 0 1 0 1 1 1 1 0 1 1
                 0 0 0 1 1 0 1 1 1 0 0 1 0 1 0 0 0 1 1 0 1 0 0 0 1 1 0 0 1 0 1 1 0 1 1
                  0 0 0 1 1 0 0 1 1 1 0 1 0 1 0 0 0 0 1 0 1 0 0 1 1 0 1 0 1 0 0 1 0 0 1
                   0 0 0 0 0 0 1 1 0 0 0 1 0 1 0 1 0 1 1 1 0 0 1 0 1 0 1 1 1 1 1 0 0 0 0
                    0 0 0 0 0 1 0 1 1 0 0 1 0 0 0 1 0 0 1 0 1 1 0 1 0 0 0 0 1 1 0 0 0 1 0
                     1 1 1 1 0 0 1 0 0 1 0 1 0 0 0 0 0 0 1 1 1 0 0 0 0 1 0 0 0 0 1 1 0 1 1
                      0 1 1 1 1 1 0 0 1 1 1 0 1 1 1 0 0 0 0 1 1 1 1 0 0 1 1 0 1 0 1 1 1 1 1
                       0 0 0 1 1 0 1 1 0 1 1 0 1 1 1 0 0 0 1 1 1 0 0 1 1 1 0 0 0 0 0 1 0 1 0
                        1 0 1 0 1 0 0 0 0 1 1 0 1 0 0 1 0 1 1 0 1 1 1 0 0 1 1 1 1 0 1 1 0 1 1
                         1 0 1 0 1 0 1 0 0 0 0 1 0 1 0 1 0 1 1 1 1 0 1 1 0 1 1 1 1 0 0 0 0 1 0
                          1 1 1 1 0 0 0 1 1 0 0 0 0 1 1 0 1 0 1 1 1 0 0 1 0 0 1 1 1 1 0 0 1 1 0
                           1 1 0 0 0 0 1 1 0 0 0 1 0 0 1 1 0 1 1 0 0 0 0 1 1 0 0 1 1 0 0 1 1 0 1
                            1 1 1 0 0 1 0 0 0 1 1 0 1 1 1 1 1 0 0 0 1 1 1 1 1 1 0 1 0 0 1 1 1 1 0
                             1 0 1 1 1 0 1 0 1 0 0 0 1 0 0 0 0 1 0 1 0 1 1 1 0 1 1 0 1 1 0 1 1 0 1
                              1 0 1 0 1 0 1 1 0 0 1 0 1 0 0 0 1 0 0 1 0 0 1 1 1 1 1 0 0 1 1 0 1 1 1
                               1 0 0 1 1 0 1 0 1 1 0 1 0 1 1 0 1 0 0 0 1 1 1 0 1 0 0 0 1 0 1 0 1 1 0
                                0 1 1 1 0 1 0 1 1 1 0 1 0 0 0 0 0 1 1 0 0 1 1 1 0 0 1 0 0 1 0 0 1 1 0
                                 0 1 1 1 0 0 1 1 1 0 1 1 0 0 1 0 0 0 1 0 0 0 1 0 0 1 1 0 1 0 1 0 0 1 0
                                  0 1 1 0 0 1 1 1 1 1 0 1 1 1 0 0 1 1 0 0 0 0 0 1 1 1 0 1 1 0 1 1 1 0 1
                                   1 0 0 0 0 1 1 1 0 1 0 1 0 0 1 0 1 1 1 0 0 0 0 0 0 0 1 0 1 0 1 0 0 1 0
