shuffled
0 try
1 try
 0 1 1 1 0 1 0 0 0 1 1 1 1 0 1 0 0 1 1 0 0 0 0 1 1 1 0 0 0 1 0 0 0 1 0
  0 0 0 0 0 1 1 1 0 1 1 0 0 0 0 1 0 0 1 1 0 0 1 0 1 0 1 1 1 0 0 1 1 1 1
   0 0 1 1 1 1 0 0 1 0 0 0 1 1 1 1 1 0 0 0 0 0 1 1 0 0 0 1 1 1 0 1 0 0 1
    0 1 1 0 0 1 1 0 0 0 1 1 0 1 0 1 0 0 0 1 1 0 1 0 0 1 0 1 1 1 1 1 0 0 0
     1 0 1 1 0 1 0 1 0 0 0 0 0 1 1 0 1 0 1 0 0 1 1 1 0 1 0 0 1 1 0 0 1 1 0
      0 0 1 0 1 0 1 0 0 1 1 0 0 0 0 0 0 1 1 0 1 0 1 0 1 1 1 1 1 1 1 0 1 0 0
       0 0 1 0 1 1 0 0 1 1 0 0 1 1 0 1 0 1 1 0 0 1 0 1 0 1 1 0 0 0 1 0 0 0 0
        0 0 0 0 0 1 1 0 0 0 0 0 0 0 0 0 0 0 1 1 0 1 0 1 0 1 0 1 1 1 0 1 0 0 1
         0 1 1 1 1 1 0 1 1 0 0 1 1 1 1 1 1 0 0 1 1 0 0 1 0 1 0 1 0 0 0 1 1 0 0
          1 1 0 0 0 0 0 0 0 0 0 1 1 1 1 1 1 0 1 0 1 1 0 0 0 1 1 1 0 1 1 1 0 1 1
           0 1 0 0 1 0 1 1 0 0 0 0 1 0 0 0 0 0 1 0 0 0 1 0 1 0 0 1 0 0 0 0 0 1 1
            1 0 1 1 0 1 1 1 0 1 0 1 1 1 0 0 0 1 0 1 1 1 0 0 1 0 0 0 1 0 0 1 1 0 1
             0 1 0 0 0 1 1 0 0 1 0 1 0 1 0 1 1 0 0 1 1 1 0 0 0 1 0 1 1 0 1 1 1 1 1
              0 0 1 1 1 0 1 0 1 1 1 0 0 1 0 0 0 0 1 1 1 1 1 0 0 0 0 1 1 0 1 0 0 0 1
               1 1 0 0 1 1 0 0 0 1 1 0 0 1 1 0 0 1 1 1 1 1 0 0 1 0 0 1 1 0 0 0 0 1 0
                1 0 1 1 0 1 1 0 0 0 1 0 0 0 0 0 1 1 1 1 0 1 0 1 1 0 1 1 1 1 1 0 1 1 0
                 1 0 0 0 1 0 1 0 0 1 1 0 0 1 0 0 0 1 1 0 0 0 0 0 1 0 1 1 1 0 1 1 0 1 0
                  1 0 0 1 1 1 1 1 0 1 1 1 0 1 0 1 1 0 0 0 0 0 0 0 0 0 0 1 1 0 0 1 0 0 1
                   1 0 1 0 0 0 1 1 0 0 1 0 1 0 1 1 0 0 1 0 1 0 1 1 0 1 1 1 1 1 0 1 0 0 1
                    0 0 1 1 0 1 1 1 1 1 0 1 0 0 0 0 0 1 0 0 0 0 0 0 1 0 0 0 0 0 0 1 0 1 0
                     0 1 1 0 0 1 0 1 0 1 0 1 1 1 1 0 1 0 0 1 0 1 0 0 1 1 1 1 0 0 1 1 1 1 1
                      0 0 0 0 0 1 1 0 0 1 0 1 0 0 0 0 1 1 1 0 0 0 0 0 1 0 1 0 1 0 0 0 1 1 0
                       0 1 1 1 0 0 1 0 1 0 1 1 0 1 1 1 1 0 0 1 1 0 1 1 1 0 0 1 0 1 1 0 1 1 1
                        0 0 1 1 1 0 0 1 1 0 1 0 1 0 1 1 1 0 1 1 0 1 1 0 0 0 0 1 1 0 0 0 0 1 1
                         0 0 0 1 0 1 1 1 1 1 1 1 0 1 0 1 0 0 0 1 1 1 1 1 0 1 0 1 0 1 1 0 0 0 1
                          0 1 1 1 1 0 0 0 0 1 1 1 0 1 0 0 0 1 1 0 1 1 0 1 0 0 0 0 1 1 1 0 0 0 1
                           0 0 0 1 1 0 0 1 0 1 1 0 1 0 1 1 0 0 0 0 1 1 0 1 1 0 1 0 1 0 0 0 1 1 0
                            1 1 0 0 1 0 1 0 1 1 0 1 0 0 1 1 1 1 0 1 0 0 1 1 1 0 0 0 0 0 0 1 1 1 1
                             1 1 1 1 1 1 1 0 1 1 1 1 0 1 1 1 1 0 0 1 1 1 1 0 0 0 1 1 0 1 1 0 1 0 0
                              0 0 0 0 0 0 1 1 0 1 0 1 1 1 0 0 0 1 1 1 1 1 0 0 1 1 1 1 1 1 0 1 0 0 0
                               1 0 1 1 1 1 1 1 1 1 0 0 0 1 0 1 1 1 1 1 1 0 1 0 0 1 1 1 0 1 1 1 1 1 0
                                0 1 1 1 1 1 0 0 0 1 1 1 1 0 0 1 0 0 0 1 1 1 0 1 0 0 0 1 1 0 0 1 0 0 0
                                 0 1 0 1 1 1 0 0 0 0 0 0 1 1 1 0 0 1 1 1 0 1 0 1 1 0 1 1 0 0 0 1 1 0 0
                                  1 1 0 0 0 1 1 0 1 0 1 1 1 0 0 1 0 1 0 0 0 1 1 1 0 0 0 0 0 0 1 0 1 1 1
                                   0 0 1 1 1 0 1 0 0 0 0 0 1 1 1 0 1 1 0 0 1 1 1 1 0 1 1 0 0 1 0 1 1 0 0
