0.509676 black win rate, 21x21 board  10000000 samples

337 721 1193 1511 2130 2458 3008 3489 3932 4614 4915 5380 5941 6384 6936 7584 8192 8844 9910 11869 15551 
 665 1520 2165 2855 3598 4217 5158 5895 6877 7632 8463 9237 10039 10655 11479 12669 13575 14442 15908 16689 10384 
  990 2008 2938 3892 4891 5961 6831 7951 8959 10249 11201 12023 13016 14086 15015 15886 16796 17662 17413 14798 8148 
   1238 2453 3646 4768 6025 7558 8926 9823 11095 12363 13328 14674 15402 16517 17441 18303 18630 18298 16394 12477 6614 
    1368 2901 4284 5789 7292 8804 10072 11530 13048 14247 15469 16728 17551 18537 19264 19389 19068 17903 14935 10834 5701 
     1707 3378 5079 6734 8307 9961 11539 12908 14760 15754 17124 18265 19022 20135 20134 19961 18648 16648 13722 9519 4837 
      1914 3895 5680 7486 9306 11199 12908 14419 15942 17510 18391 19535 20118 20502 20537 19541 18021 15503 12259 8575 4331 
       2155 4185 6287 8363 10262 12174 14203 15846 17527 18834 19890 20521 20793 20830 20066 19016 16871 14264 11167 7636 3982 
        2430 4715 6872 9262 11391 13707 15469 17214 18920 19673 20506 20876 20908 20502 19530 17876 15736 13016 10098 6852 3453 
         2649 5378 7581 10238 12612 14743 16582 18454 19801 20232 21191 21336 20836 19956 18700 17008 14804 12177 9140 6240 3198 
          2859 5806 8395 10900 13517 15694 17696 19255 20728 21181 21138 20918 20476 19425 17804 15994 13466 10955 8370 5693 2946 
           3300 6267 9343 12064 14607 17028 18647 19953 20883 20965 21253 20628 19615 18249 16556 14705 12322 10170 7599 5276 2712 
            3586 6952 10160 13136 15867 17808 19520 20484 20946 21303 20699 19818 18730 17155 15638 13508 11391 9009 6920 4668 2370 
             3913 7573 11193 14363 16907 18827 20283 20458 21052 20662 19660 18488 17367 16042 14282 12450 10295 8264 6386 4304 2226 
              4283 8420 12345 15454 18197 19429 20349 20562 20237 19399 18636 17374 15944 14453 12892 11260 9210 7419 5593 3780 1988 
               4833 9683 13552 16680 18709 19872 19910 19898 19170 18147 17016 15882 14569 13339 11540 9961 8375 6664 4931 3302 1688 
                5653 10889 15040 17860 19221 19503 19240 18646 17607 16470 15594 14191 12844 11489 10111 8667 7093 5725 4378 3001 1445 
                 6551 12611 16510 18220 18555 18303 17526 16689 15700 14728 13255 12220 10917 9862 8643 7314 5977 4838 3630 2445 1230 
                  7700 14794 17567 17473 16975 15902 14960 14033 13047 12031 10905 10182 9036 8014 6825 5932 4843 3939 2886 1991 931 
                   10433 16589 15808 14591 13490 12527 11800 10626 10082 9385 8476 7474 6753 5948 5170 4331 3517 2939 2078 1466 715 
                    15426 11660 10073 8921 8012 7310 7092 6440 5862 5548 4958 4501 3941 3483 2876 2433 1974 1586 1134 753 389 
204.201272 avg black moves (among black wins)

41 0.00000 
43 0.00000 
45 0.00000 
47 0.00000 
49 0.00000 
51 0.00000 
53 0.00000 
55 0.00000 
57 0.00000 
59 0.00000 
61 0.00000 
63 0.00000 
65 0.00000 
67 0.00000 
69 0.00000 
71 0.00000 
73 0.00000 
75 0.00000 
77 0.00000 
79 0.00000 
81 0.00000 
83 0.00000 
85 0.00000 
87 0.00000 
89 0.00000 
91 0.00000 
93 0.00000 
95 0.00000 
97 0.00000 
99 0.00000 
101 0.00000 
103 0.00000 
105 0.00000 
107 0.00000 
109 0.00000 
111 0.00000 
113 0.00000 
115 0.00000 
117 0.00000 
119 0.00000 
121 0.00000 
123 0.00000 
125 0.00000 
127 0.00000 
129 0.00000 
131 0.00000 
133 0.00000 
135 0.00000 
137 0.00000 
139 0.00000 
141 0.00000 
143 0.00000 
145 0.00000 
147 0.00000 
149 0.00000 
151 0.00000 
153 0.00000 
155 0.00000 
157 0.00000 
159 0.00000 
161 0.00000 
163 0.00000 
165 0.00000 
167 0.00000 
169 0.00000 
171 0.00000 
173 0.00000 
175 0.00000 
177 0.00000 
179 0.00000 
181 0.00000 
183 0.00000 
185 0.00000 
187 0.00000 
189 0.00000 
191 0.00000 
193 0.00000 
195 0.00000 
197 0.00000 
199 0.00000 
201 0.00000 
203 0.00000 
205 0.00000 
207 0.00000 
209 0.00000 
211 0.00000 
213 0.00000 
215 0.00000 
217 0.00000 
219 0.00000 
221 0.00000 
223 0.00000 
225 0.00000 
227 0.00000 
229 0.00000 
231 0.00000 
233 0.00000 
235 0.00000 
237 0.00000 
239 0.00000 
241 0.00000 
243 0.00000 
245 0.00000 
247 0.00000 
249 0.00000 
251 0.00000 
253 0.00000 
255 0.00000 
257 0.00001 
259 0.00001 
261 0.00001 
263 0.00001 
265 0.00001 
267 0.00001 
269 0.00001 
271 0.00002 
273 0.00002 
275 0.00002 
277 0.00002 
279 0.00003 
281 0.00003 
283 0.00004 
285 0.00004 
287 0.00005 
289 0.00006 
291 0.00007 
293 0.00008 
295 0.00009 
297 0.00010 
299 0.00012 
301 0.00013 
303 0.00015 
305 0.00017 
307 0.00019 
309 0.00022 
311 0.00024 
313 0.00028 
315 0.00031 
317 0.00036 
319 0.00040 
321 0.00044 
323 0.00050 
325 0.00055 
327 0.00061 
329 0.00067 
331 0.00078 
333 0.00084 
335 0.00095 
337 0.00103 
339 0.00114 
341 0.00127 
343 0.00142 
345 0.00158 
347 0.00174 
349 0.00188 
351 0.00207 
353 0.00226 
355 0.00247 
357 0.00270 
359 0.00294 
361 0.00322 
363 0.00349 
365 0.00380 
367 0.00408 
369 0.00443 
371 0.00475 
373 0.00510 
375 0.00555 
377 0.00593 
379 0.00632 
381 0.00679 
383 0.00724 
385 0.00771 
387 0.00818 
389 0.00872 
391 0.00915 
393 0.00971 
395 0.01026 
397 0.01082 
399 0.01136 
401 0.01187 
403 0.01236 
405 0.01301 
407 0.01347 
409 0.01401 
411 0.01448 
413 0.01507 
415 0.01547 
417 0.01595 
419 0.01641 
421 0.01678 
423 0.01724 
425 0.01757 
427 0.01789 
429 0.01809 
431 0.01829 
433 0.01854 
435 0.01869 
437 0.01885 
439 0.01897 
441 0.01888 

uni-random game, percentx100 prob. cell is black-win last-move
  0     1     1     1     1     2     2     2     2     3     3     3     4     4     4     5     6     7     8    10    15   
    1     2     2     2     3     3     4     4     5     5     6     6     7     8     8    10    11    13    15    17    12   
      1     2     3     4     4     5     6     6     7     8     8     9    10    11    12    14    15    17    18    16    10   
        2     3     4     5     6     7     7     8     9    10    11    12    13    14    15    17    18    18    17    15     9   
          2     4     5     6     7     8     9    10    11    13    14    15    16    17    18    19    19    19    17    13     8   
            2     4     6     8     9    10    11    12    14    15    16    17    18    19    19    20    20    18    16    13     7   
              3     5     7     9    10    12    13    14    15    17    18    19    20    20    20    20    19    18    15    12     7   
                3     6     8    10    12    13    14    16    17    18    19    20    20    20    21    20    19    17    14    11     6   
                  4     7     9    11    13    15    16    18    19    20    21    21    21    21    20    19    18    16    13    10     6   
                    5     8    10    12    14    16    18    19    20    20    21    21    21    21    19    18    16    15    12     9     6   
                      5     8    11    13    15    17    18    20    21    21    21    21    21    20    19    17    16    13    11     8     5   
                        5     9    12    15    17    18    20    21    21    21    21    21    20    18    17    16    14    12    10     7     5   
                          6    10    13    15    18    19    20    21    21    21    20    20    19    17    16    15    13    11     9     7     4   
                            6    11    14    17    19    20    21    21    21    20    19    18    17    16    14    13    11    10     8     6     3   
                              7    11    15    17    19    20    21    20    20    19    18    17    16    14    13    12    10     9     7     5     3   
                                8    13    16    18    19    20    20    19    18    17    16    15    14    12    11    10     9     7     6     4     2   
                                  8    14    17    19    19    19    18    17    16    15    13    12    11    10     9     8     7     6     5     4     2   
                                    9    14    18    18    18    17    16    14    13    12    11    10     9     8     7     7     6     5     4     3     2   
                                     10    16    17    16    15    14    12    11    10     9     8     8     7     6     6     5     4     4     3     2     1   
                                       12    17    15    12    11    10     9     8     7     6     6     5     5     4     4     3     3     2     2     1     1   
                                         16    10     8     7     6     5     4     4     3     3     3     3     2     2     2     2     1     1     1     1     0   

0.509676 prob. sum
