0.515531 black win rate, 15x15 board  1000000 samples
132 269 377 536 675 823 1020 1172 1348 1576 1755 1915 2130 2575 3109 
 213 492 732 1037 1262 1453 1727 1960 2283 2568 2750 2939 3319 3463 2190 
  302 643 1011 1312 1704 1977 2290 2599 2844 3256 3489 3635 3645 3029 1563 
   406 785 1268 1712 2049 2456 2849 3060 3383 3720 3793 3759 3337 2624 1405 
    502 972 1465 1937 2392 2766 3188 3589 3802 3853 3926 3593 3067 2251 1089 
     563 1181 1678 2314 2828 3249 3556 3877 3997 3976 3839 3444 2818 1769 938 
      640 1325 2017 2499 3102 3537 3833 4081 4200 4074 3585 3068 2540 1650 804 
       773 1482 2135 2877 3346 3630 4065 4127 4011 3762 3375 2769 2093 1365 749 
        870 1695 2424 3199 3621 4048 4058 4014 3884 3472 3061 2540 1927 1308 655 
         1002 1943 2741 3385 3813 4135 4075 3880 3695 3160 2750 2216 1691 1158 548 
          1154 2230 3172 3702 3983 3883 3794 3504 3137 2898 2348 1955 1493 999 533 
           1288 2499 3371 3854 3871 3680 3475 3103 2813 2528 2034 1623 1208 845 399 
            1652 3056 3605 3669 3456 3218 2923 2565 2403 2034 1678 1317 1027 623 312 
             2073 3495 3358 3078 2749 2568 2297 2071 1751 1487 1268 924 747 483 230 
              3237 2506 2090 1993 1727 1431 1350 1153 1041 843 693 561 406 273 128 
102.524312 avg black moves (among black wins)
0 0 0 0 0 0 0 0 0 0 0 0 0 0 0 
 0 0 0 0 0 0 0 0 0 0 0 0 0 0 0 
  0 0 0 0 0 0 0 0 0 0 0 0 0 0 1 
   0 1 0 1 0 1 1 4 3 5 1 6 11 14 20 
    21 48 44 58 68 72 106 129 174 196 254 293 358 454 505 
     623 821 944 1152 1320 1610 1895 2208 2620 3072 3391 3954 4586 5305 5946 
      6792 7699 8689 9699 10813 11923 13106 14380 15610 16847 18128 19898 21112 22294 23514 
       24646 26041 27103 28067 28594 29016 29296 29891 30077 0 0 0 0 0 0 
        0 0 0 0 0 0 0 0 0 0 0 0 0 0 0 
         0 0 0 0 0 0 0 0 0 0 0 0 0 0 0 
          0 0 0 0 0 0 0 0 0 0 0 0 0 0 0 
           0 0 0 0 0 0 0 0 0 0 0 0 0 0 0 
            0 0 0 0 0 0 0 0 0 0 0 0 0 0 0 
             0 0 0 0 0 0 0 0 0 0 0 0 0 0 0 
              0 0 0 0 0 0 0 0 0 0 0 0 0 0 0 

prob. cell in minimal winning black path
0.000   0.000   0.000   0.000   0.001   0.001   0.001   0.001   0.001   0.001   0.001   0.001   0.002   0.002   0.003   
  0.000   0.000   0.001   0.001   0.001   0.001   0.001   0.001   0.002   0.002   0.002   0.002   0.003   0.003   0.003   
    0.000   0.001   0.001   0.001   0.001   0.002   0.002   0.002   0.002   0.003   0.003   0.003   0.004   0.003   0.002   
      0.001   0.001   0.001   0.002   0.002   0.002   0.002   0.003   0.003   0.003   0.004   0.004   0.004   0.003   0.002   
        0.001   0.001   0.002   0.002   0.002   0.003   0.003   0.003   0.004   0.004   0.004   0.004   0.003   0.003   0.002   
          0.001   0.001   0.002   0.002   0.003   0.003   0.004   0.004   0.004   0.004   0.004   0.004   0.003   0.003   0.001   
            0.001   0.002   0.002   0.003   0.003   0.004   0.004   0.004   0.004   0.004   0.004   0.003   0.003   0.002   0.001   
              0.001   0.002   0.003   0.003   0.004   0.004   0.004   0.004   0.004   0.004   0.004   0.003   0.003   0.002   0.001   
                0.001   0.002   0.003   0.003   0.004   0.004   0.004   0.004   0.004   0.004   0.003   0.003   0.002   0.002   0.001   
                  0.002   0.003   0.003   0.004   0.004   0.004   0.004   0.004   0.003   0.003   0.003   0.003   0.002   0.001   0.001   
                    0.002   0.003   0.003   0.004   0.004   0.004   0.004   0.003   0.003   0.003   0.002   0.002   0.002   0.001   0.001   
                      0.002   0.003   0.004   0.004   0.004   0.003   0.003   0.003   0.003   0.002   0.002   0.002   0.001   0.001   0.001   
                        0.002   0.003   0.004   0.003   0.003   0.003   0.003   0.002   0.002   0.002   0.001   0.001   0.001   0.001   0.000   
                          0.003   0.003   0.003   0.003   0.002   0.002   0.002   0.001   0.001   0.001   0.001   0.001   0.001   0.000   0.000   
                            0.003   0.002   0.002   0.001   0.001   0.001   0.001   0.001   0.001   0.001   0.001   0.000   0.000   0.000   0.000   

0.515531 prob. sum
