n=11 samples = 10000000
0.522885
3700 7981 12490 17189 22091 26659 31150 35846 41552 48503 62259 
 7030 14543 22119 29740 37072 44535 51640 58076 64838 67118 41350 
  9633 19875 30077 39747 49026 57156 64668 69508 70090 58827 30875 
   12066 24937 36742 49168 59209 67394 71965 73160 66323 49354 25021 
    14562 30198 44467 56952 67124 72737 74318 70198 58890 41604 20702 
     17306 35391 51374 64160 72616 75100 72255 64623 51831 35385 17557 
      20479 42094 59305 70161 74931 73269 67014 57247 44944 29672 14670 
       24685 49389 65867 72936 72242 66932 59313 48847 37514 25105 12070 
        30911 58346 70043 69669 64687 57964 49446 39916 29791 19840 9665 
         41157 67574 64431 57913 51761 44322 37423 30283 22226 14622 7160 
          62415 48542 41307 35960 31789 26513 21710 16914 12399 8117 3698 
avg winning game length 54.326284
0 0 0 0 0 0 0 0 0 0 0 
 0 0 0 0 0 0 0 1 1 3 6 
  16 26 61 109 159 291 429 647 1008 1508 2327 
   3303 4369 6259 8577 11669 15630 20708 27017 34486 44269 56403 
    69020 85350 103789 125510 148490 175374 203001 233718 264356 296108 328738 
     359190 387681 412404 432266 446122 457768 460685 0 0 0 0 
      0 0 0 0 0 0 0 0 0 0 0 
       0 0 0 0 0 0 0 0 0 0 0 
        0 0 0 0 0 0 0 0 0 0 0 
         0 0 0 0 0 0 0 0 0 0 0 
          0 0 0 0 0 0 0 0 0 0 0 
0.045   0.085   0.117   0.146   0.176   0.209   0.248   0.299   0.374   0.498   0.755   
  0.097   0.176   0.240   0.302   0.365   0.428   0.509   0.598   0.706   0.818   0.587   
    0.151   0.268   0.364   0.445   0.538   0.622   0.718   0.797   0.848   0.780   0.500   
      0.208   0.360   0.481   0.595   0.689   0.776   0.849   0.883   0.843   0.701   0.435   
        0.267   0.449   0.593   0.716   0.812   0.879   0.907   0.874   0.783   0.626   0.385   
          0.323   0.539   0.692   0.815   0.880   0.909   0.887   0.810   0.701   0.536   0.321   
            0.377   0.625   0.782   0.871   0.899   0.874   0.811   0.718   0.598   0.453   0.263   
              0.434   0.703   0.841   0.885   0.849   0.782   0.693   0.591   0.483   0.366   0.205   
                0.503   0.785   0.848   0.803   0.713   0.627   0.544   0.454   0.360   0.269   0.150   
                  0.587   0.812   0.712   0.597   0.503   0.428   0.359   0.304   0.240   0.177   0.098   
                    0.753   0.500   0.374   0.303   0.250   0.212   0.178   0.146   0.117   0.087   0.045   


