0.512827 black win rate, 17x17 board  1000000 samples
99 186 268 322 450 535 640 781 878 887 1120 1121 1329 1473 1564 1910 2476 
 150 303 434 592 810 948 1149 1269 1453 1579 1751 1953 2186 2387 2494 2567 1640 
  212 427 601 808 1049 1337 1522 1760 1907 2190 2369 2445 2568 2855 2905 2312 1244 
   267 550 816 1017 1342 1627 1860 2084 2399 2543 2657 2799 3026 2895 2644 2025 1031 
    273 616 952 1196 1538 1855 2156 2345 2589 2851 3146 3034 2899 2813 2383 1693 822 
     346 712 1017 1517 1858 2083 2461 2590 2898 2998 3128 3047 2851 2663 2140 1523 787 
      415 819 1163 1631 2012 2256 2656 2924 3039 3099 3180 3065 2817 2441 1905 1330 707 
       460 987 1419 1793 2181 2525 2905 3036 3156 3214 3056 2970 2732 2196 1686 1100 630 
        540 1047 1530 2000 2375 2679 2990 3177 3147 3127 3032 2828 2445 1895 1543 1003 522 
         551 1163 1806 2229 2642 2855 3121 3253 3184 3072 2808 2477 2262 1832 1342 942 422 
          699 1208 1891 2440 2695 3011 3195 3181 3070 2868 2702 2365 2049 1628 1161 781 411 
           751 1478 2048 2644 2910 3090 3008 3046 2880 2710 2310 2097 1820 1401 1042 683 358 
            834 1672 2397 2790 2983 3074 3003 2789 2621 2380 2077 1829 1495 1261 938 661 315 
             996 1957 2550 2870 3002 2884 2706 2588 2202 2106 1816 1541 1300 1092 816 501 267 
              1264 2347 2786 2804 2654 2515 2295 2097 1951 1739 1478 1269 1035 862 574 451 207 
               1640 2554 2494 2344 2095 1956 1764 1586 1456 1310 1119 948 789 620 469 281 145 
                2471 1878 1575 1421 1323 1193 1144 938 874 760 691 560 438 335 226 158 77 
132.490495 avg black moves (among black wins)
0 0 0 0 0 0 0 0 0 0 0 0 0 0 0 0 0 
 0 0 0 0 0 0 0 0 0 0 0 0 0 0 0 0 0 
  0 0 0 0 0 0 0 0 0 0 0 0 0 0 0 0 0 
   0 0 0 0 0 0 0 0 0 0 0 0 0 0 0 1 1 
    1 3 1 3 1 3 1 1 2 10 14 9 10 17 13 28 38 
     47 49 56 82 92 109 148 167 171 219 239 290 384 437 462 560 708 
      795 872 1073 1158 1397 1550 1750 2126 2390 2678 3029 3336 3837 4350 4800 5313 5880 
       6534 7198 8041 8626 9509 10270 11050 12009 13064 13839 14864 16093 16844 17652 18851 19439 20449 
        21095 21935 22660 23708 23737 24499 24959 24943 24911 25337 0 0 0 0 0 0 0 
         0 0 0 0 0 0 0 0 0 0 0 0 0 0 0 0 0 
          0 0 0 0 0 0 0 0 0 0 0 0 0 0 0 0 0 
           0 0 0 0 0 0 0 0 0 0 0 0 0 0 0 0 0 
            0 0 0 0 0 0 0 0 0 0 0 0 0 0 0 0 0 
             0 0 0 0 0 0 0 0 0 0 0 0 0 0 0 0 0 
              0 0 0 0 0 0 0 0 0 0 0 0 0 0 0 0 0 
               0 0 0 0 0 0 0 0 0 0 0 0 0 0 0 0 0 
                0 0 0 0 0 0 0 0 0 0 0 0 0 0 0 0 0 

prob. cell in minimal winning black path
0.000   0.000   0.000   0.000   0.000   0.000   0.000   0.000   0.001   0.001   0.001   0.001   0.001   0.001   0.001   0.002   0.002   
  0.000   0.000   0.000   0.001   0.001   0.001   0.001   0.001   0.001   0.001   0.001   0.001   0.002   0.002   0.002   0.003   0.002   
    0.000   0.000   0.001   0.001   0.001   0.001   0.001   0.001   0.002   0.002   0.002   0.002   0.002   0.003   0.003   0.002   0.002   
      0.000   0.001   0.001   0.001   0.001   0.002   0.002   0.002   0.002   0.002   0.002   0.003   0.003   0.003   0.003   0.002   0.001   
        0.000   0.001   0.001   0.001   0.002   0.002   0.002   0.002   0.002   0.003   0.003   0.003   0.003   0.003   0.003   0.002   0.001   
          0.001   0.001   0.001   0.002   0.002   0.002   0.002   0.003   0.003   0.003   0.003   0.003   0.003   0.003   0.003   0.002   0.001   
            0.001   0.001   0.002   0.002   0.002   0.002   0.003   0.003   0.003   0.003   0.003   0.003   0.003   0.003   0.002   0.002   0.001   
              0.001   0.001   0.002   0.002   0.002   0.003   0.003   0.003   0.003   0.003   0.003   0.003   0.003   0.003   0.002   0.002   0.001   
                0.001   0.001   0.002   0.002   0.003   0.003   0.003   0.003   0.003   0.003   0.003   0.003   0.003   0.002   0.002   0.001   0.001   
                  0.001   0.002   0.002   0.003   0.003   0.003   0.003   0.003   0.003   0.003   0.003   0.003   0.002   0.002   0.002   0.001   0.001   
                    0.001   0.002   0.002   0.003   0.003   0.003   0.003   0.003   0.003   0.003   0.003   0.002   0.002   0.002   0.001   0.001   0.001   
                      0.001   0.002   0.002   0.003   0.003   0.003   0.003   0.003   0.003   0.002   0.002   0.002   0.002   0.002   0.001   0.001   0.001   
                        0.001   0.002   0.003   0.003   0.003   0.003   0.003   0.003   0.002   0.002   0.002   0.002   0.001   0.001   0.001   0.001   0.000   
                          0.001   0.002   0.003   0.003   0.003   0.003   0.002   0.002   0.002   0.002   0.002   0.001   0.001   0.001   0.001   0.001   0.000   
                            0.002   0.002   0.003   0.003   0.002   0.002   0.002   0.002   0.002   0.001   0.001   0.001   0.001   0.001   0.001   0.000   0.000   
                              0.002   0.003   0.002   0.002   0.002   0.002   0.001   0.001   0.001   0.001   0.001   0.001   0.001   0.001   0.000   0.000   0.000   
                                0.002   0.002   0.001   0.001   0.001   0.001   0.001   0.001   0.001   0.000   0.000   0.000   0.000   0.000   0.000   0.000   0.000   

0.512827 prob. sum
