0.506870 black win rate, 25x25 board  1000000 samples

27 29 68 61 110 126 144 192 207 246 261 266 308 340 367 448 402 421 472 533 538 595 663 786 1048 
 42 84 115 145 154 239 259 296 355 388 401 494 528 590 658 678 697 803 783 903 898 1004 1053 1145 741 
  65 102 169 210 252 285 370 387 479 554 599 662 672 718 789 828 911 945 986 998 1105 1233 1159 975 539 
   59 152 201 266 322 371 462 505 595 672 724 789 840 896 957 1033 1079 1184 1158 1315 1219 1261 1144 877 437 
    66 142 251 296 349 454 549 622 661 803 824 893 997 1030 1097 1172 1275 1293 1326 1305 1312 1213 1027 746 394 
     90 181 282 368 478 527 623 646 831 868 954 1017 1132 1173 1227 1281 1289 1326 1427 1290 1312 1110 974 659 344 
      97 199 290 388 485 616 701 757 908 954 1075 1085 1271 1301 1319 1431 1445 1367 1365 1398 1281 1080 843 573 328 
       133 250 330 424 515 708 748 884 961 1072 1176 1310 1323 1419 1436 1426 1449 1436 1401 1284 1196 958 749 541 279 
        145 228 339 481 596 722 836 992 1075 1094 1201 1360 1333 1389 1502 1491 1452 1443 1337 1212 1114 923 706 504 272 
         128 267 439 554 634 733 898 1014 1079 1198 1328 1388 1430 1515 1493 1466 1406 1367 1292 1147 1056 818 632 469 219 
          180 309 461 553 719 855 1012 1076 1214 1271 1366 1386 1492 1502 1509 1505 1419 1385 1164 1132 950 814 592 408 211 
           174 338 483 674 784 904 1017 1165 1296 1350 1497 1546 1570 1517 1485 1485 1368 1271 1195 1062 921 692 546 332 226 
            185 374 502 657 840 973 1096 1266 1284 1368 1456 1445 1538 1543 1465 1405 1332 1215 1122 940 792 708 496 361 148 
             177 379 563 826 900 1050 1192 1306 1335 1495 1446 1422 1542 1550 1458 1364 1305 1158 985 967 774 613 502 332 167 
              189 406 609 751 1002 1121 1295 1402 1377 1488 1454 1488 1463 1467 1328 1270 1197 1050 990 841 679 549 451 296 163 
               232 428 611 876 1024 1151 1288 1384 1401 1481 1491 1499 1427 1380 1363 1223 1106 962 924 793 643 537 415 304 157 
                244 476 676 914 1167 1239 1362 1432 1485 1462 1464 1316 1370 1370 1247 1151 1001 927 798 683 565 478 383 280 132 
                 303 547 803 931 1137 1365 1399 1425 1467 1394 1368 1318 1283 1211 1150 1024 997 859 788 643 539 437 319 254 109 
                  287 635 860 1034 1286 1294 1480 1407 1426 1323 1350 1312 1233 1143 1060 935 907 823 711 578 487 365 330 194 115 
                   316 660 914 1228 1288 1405 1433 1337 1377 1286 1266 1125 1051 1089 980 854 808 676 626 526 466 363 282 197 94 
                    382 758 998 1200 1334 1367 1348 1245 1223 1150 1138 1050 953 894 858 740 681 659 502 450 365 273 213 164 64 
                     453 817 1058 1231 1236 1183 1216 1150 1069 1047 950 963 895 805 719 673 599 508 424 402 295 275 188 136 66 
                      584 982 1243 1260 1172 1198 1030 908 928 881 797 686 676 634 563 506 512 420 343 317 268 194 158 85 52 
                       681 1168 1073 1008 926 877 816 737 716 687 602 533 552 480 455 408 357 294 262 227 201 154 102 83 41 
                        1036 763 648 649 546 488 511 470 471 411 367 345 318 282 248 256 200 169 172 143 100 73 72 59 18 
291.705891 avg black moves (among black wins)

0 0 0 0 0 0 0 0 0 0 0 0 0 0 0 0 0 0 0 0 0 0 0 0 0 
 0 0 0 0 0 0 0 0 0 0 0 0 0 0 0 0 0 0 0 0 0 0 0 0 0 
  0 0 0 0 0 0 0 0 0 0 0 0 0 0 0 0 0 0 0 0 0 0 0 0 0 
   0 0 0 0 0 0 0 0 0 0 0 0 0 0 0 0 0 0 0 0 0 0 0 0 0 
    0 0 0 0 0 0 0 0 0 0 0 0 0 0 0 0 0 0 0 0 0 0 0 0 0 
     0 0 0 0 0 0 0 0 0 0 0 0 0 0 0 0 0 0 0 0 0 0 0 0 0 
      0 0 0 0 0 0 0 0 0 0 0 0 0 0 0 0 0 1 0 1 0 0 0 1 0 
       0 1 1 0 0 0 0 0 1 1 3 1 1 3 0 2 4 2 3 2 4 4 7 5 4 
        7 7 7 4 14 8 19 12 18 23 29 28 34 33 35 46 46 50 47 51 54 95 80 85 97 
         94 111 127 131 186 181 207 225 219 259 271 330 333 336 423 434 513 551 591 597 635 734 789 868 924 
          1009 1091 1171 1244 1436 1570 1571 1747 1872 2006 2138 2299 2498 2561 2864 2996 3210 3393 3657 3804 4016 4264 4635 4654 4897 
           5277 5609 5797 6304 6520 6779 7051 7639 7684 8060 8532 8832 9261 9471 9706 10201 10680 10774 11089 11403 11701 12034 12365 12747 13123 
            13146 13379 13660 13933 14266 14365 14380 14615 14616 14833 14656 14909 14885 14935 0 0 0 0 0 0 0 0 0 0 0 
             0 0 0 0 0 0 0 0 0 0 0 0 0 0 0 0 0 0 0 0 0 0 0 0 0 
              0 0 0 0 0 0 0 0 0 0 0 0 0 0 0 0 0 0 0 0 0 0 0 0 0 
               0 0 0 0 0 0 0 0 0 0 0 0 0 0 0 0 0 0 0 0 0 0 0 0 0 
                0 0 0 0 0 0 0 0 0 0 0 0 0 0 0 0 0 0 0 0 0 0 0 0 0 
                 0 0 0 0 0 0 0 0 0 0 0 0 0 0 0 0 0 0 0 0 0 0 0 0 0 
                  0 0 0 0 0 0 0 0 0 0 0 0 0 0 0 0 0 0 0 0 0 0 0 0 0 
                   0 0 0 0 0 0 0 0 0 0 0 0 0 0 0 0 0 0 0 0 0 0 0 0 0 
                    0 0 0 0 0 0 0 0 0 0 0 0 0 0 0 0 0 0 0 0 0 0 0 0 0 
                     0 0 0 0 0 0 0 0 0 0 0 0 0 0 0 0 0 0 0 0 0 0 0 0 0 
                      0 0 0 0 0 0 0 0 0 0 0 0 0 0 0 0 0 0 0 0 0 0 0 0 0 
                       0 0 0 0 0 0 0 0 0 0 0 0 0 0 0 0 0 0 0 0 0 0 0 0 0 
                        0 0 0 0 0 0 0 0 0 0 0 0 0 0 0 0 0 0 0 0 0 0 0 0 0 

prob. cell in minimal winning black path
0.67  0.76  0.91  0.87  0.91  1.06  1.11  1.33  1.41  1.30  1.62  1.59  1.66  1.61  1.68  1.95  2.02  2.39  2.29  2.47  2.89  3.33  4.15  4.76  6.98  
  0.68  1.02  1.14  1.45  1.39  1.63  1.74  2.06  1.93  2.17  2.43  2.61  2.84  2.87  3.04  3.17  3.48  3.92  4.47  4.62  5.24  5.61  6.64  7.80  5.27  
    0.93  1.22  1.56  1.76  2.07  2.26  2.31  2.56  2.62  3.24  3.38  3.52  3.64  4.02  4.31  4.32  4.72  5.52  5.88  6.21  6.74  7.11  8.27  7.21  4.55  
      0.88  1.41  1.81  2.16  2.35  2.80  2.92  3.15  3.51  3.96  3.96  4.71  4.61  5.66  5.19  5.98  6.21  6.32  6.96  8.18  8.00  8.19  8.38  6.80  4.56  
        1.19  1.46  2.08  2.51  2.68  3.49  3.53  3.72  4.22  4.46  4.99  5.40  5.75  6.12  6.76  6.90  7.79  7.61  8.54  8.55  8.84  8.22  7.83  6.29  3.91  
          1.29  1.99  2.28  2.82  3.34  3.79  4.35  4.92  5.01  5.08  5.84  6.15  6.58  7.06  7.51  7.69  8.24  9.03  8.59  9.28  9.04  7.89  7.99  5.98  3.55  
            1.40  2.12  2.81  3.39  3.93  4.39  4.88  5.17  5.73  6.11  6.83  6.86  7.35  7.95  8.59  8.55  9.01  9.24  9.75  9.46  8.93  8.10  6.94  5.60  3.69  
              1.70  2.35  2.92  3.66  4.39  4.54  5.23  6.03  6.70  6.84  7.22  7.78  8.41  8.66  9.26  9.15  9.45  9.41  9.29  8.86  8.28  7.69  6.17  5.11  3.44  
                1.79  2.72  3.49  4.22  4.63  5.69  6.17  6.51  7.22  7.24  8.09  8.60  8.53  8.84  9.11  9.26  9.78  9.67  9.41  9.11  8.14  7.18  6.30  4.97  3.44  
                  2.04  2.92  3.96  4.70  5.52  5.92  6.46  7.20  7.34  7.99  8.44  8.94  9.05  9.84  9.80  9.76  9.64  9.21  8.77  8.54  7.69  7.04  6.01  4.79  3.07  
                    2.13  3.01  4.24  5.03  5.65  6.46  7.22  7.85  8.01  8.80  9.04  9.86  9.60  9.54  9.59  9.82  9.65  9.05  8.94  8.41  7.61  6.44  5.48  4.26  2.79  
                      2.16  3.59  4.64  5.43  6.08  6.86  7.28  8.69  9.00  9.17  9.16  10.16  9.53  9.39  9.80  9.87  8.72  8.74  8.70  7.53  7.06  6.52  4.79  3.83  2.66  
                        2.42  3.80  4.70  5.75  6.73  7.58  8.44  8.77  8.83  9.44  9.83  10.31  10.11  10.14  9.64  9.42  9.06  8.52  8.21  7.07  6.46  6.09  4.72  3.95  2.49  
                          2.62  4.19  4.99  6.10  6.94  7.83  8.63  9.37  9.18  9.97  9.89  9.98  10.14  10.19  9.67  9.12  9.06  8.07  7.64  7.31  6.09  5.53  4.46  3.50  2.26  
                            2.79  4.61  5.43  6.48  7.36  8.17  8.74  9.47  9.89  9.83  9.93  9.78  9.66  9.61  8.80  9.02  8.29  7.69  7.12  6.62  5.86  4.99  4.02  3.34  2.05  
                              3.30  4.74  5.67  6.96  7.83  8.51  9.44  9.41  9.82  9.66  9.91  9.78  9.28  9.03  8.44  8.14  7.69  6.90  6.34  5.84  5.12  4.71  3.66  3.05  2.10  
                                3.01  4.86  6.19  7.24  8.47  8.56  9.53  9.56  9.57  9.29  9.37  9.05  8.83  8.66  7.98  7.41  6.76  6.73  6.17  5.55  4.76  4.24  3.70  2.73  1.75  
                                  3.13  5.52  6.41  7.90  8.58  8.79  9.04  9.47  9.52  9.04  9.16  8.44  8.09  7.74  7.06  6.51  6.29  5.87  5.64  4.72  4.62  3.67  3.12  2.34  1.56  
                                    3.45  5.39  6.66  7.74  8.79  9.42  9.03  9.26  8.86  8.57  7.78  7.97  7.51  6.66  6.69  6.28  5.49  5.42  4.94  4.41  3.64  3.15  2.64  2.14  1.57  
                                      3.83  6.14  6.74  8.72  8.66  8.56  9.24  8.53  8.07  7.67  7.58  7.14  6.38  6.54  5.76  5.46  4.77  4.52  4.11  3.79  3.31  3.01  2.48  1.92  1.39  
                                        3.86  6.11  7.41  8.12  8.70  8.70  8.51  7.98  7.46  7.10  6.44  6.26  5.45  5.34  4.74  4.52  4.03  3.87  3.54  3.41  2.78  2.34  2.17  1.76  1.12  
                                          4.22  6.77  8.21  8.38  8.08  7.44  7.25  6.49  6.27  5.61  5.59  4.83  4.92  4.33  3.93  3.86  3.49  3.23  2.78  2.77  2.21  2.22  1.71  1.46  0.96  
                                            4.64  7.08  7.74  7.65  6.92  6.59  5.77  5.18  4.91  4.45  4.20  3.91  3.60  3.64  3.32  3.09  2.89  2.49  2.56  2.26  1.83  1.67  1.49  1.14  0.95  
                                              5.41  7.66  6.59  5.98  5.16  4.62  4.08  3.88  3.65  3.43  3.05  2.57  2.76  2.57  2.35  2.40  2.25  2.09  1.71  1.73  1.52  1.35  1.03  1.02  0.87  
                                                7.05  5.13  3.87  3.23  2.96  2.65  2.55  2.24  2.20  1.87  1.82  1.91  1.42  1.54  1.52  1.48  1.33  1.18  1.22  1.09  0.90  0.91  0.82  0.76  0.61  

0.506870 prob. sum
