0.509013 black win rate, 23x23 board  1000000 samples

24 55 93 98 150 178 240 249 257 324 375 367 390 471 513 550 559 622 680 721 808 965 1225 
 53 96 156 208 268 306 351 401 524 551 544 649 700 753 841 909 987 992 1141 1202 1265 1290 848 
  76 138 213 279 337 416 487 557 688 715 815 930 981 1052 1083 1129 1159 1289 1360 1390 1447 1166 735 
   87 184 255 324 432 520 571 703 771 869 985 1091 1120 1218 1350 1421 1494 1458 1516 1529 1325 1015 529 
    110 219 298 418 524 602 717 815 902 1005 1098 1208 1363 1345 1525 1514 1565 1560 1586 1462 1228 887 470 
     117 251 398 454 592 671 895 959 1085 1156 1253 1387 1492 1509 1628 1565 1639 1631 1563 1352 1074 790 391 
      128 268 425 553 743 818 1005 988 1213 1315 1383 1509 1662 1645 1608 1733 1671 1605 1476 1292 1028 675 393 
       156 287 448 600 773 953 1009 1154 1264 1441 1544 1549 1674 1720 1760 1707 1671 1573 1386 1163 991 652 338 
        186 363 485 661 846 951 1097 1292 1439 1489 1618 1661 1664 1769 1802 1688 1609 1493 1310 1094 847 610 307 
         167 365 550 720 882 1077 1247 1354 1509 1551 1683 1732 1729 1811 1726 1610 1545 1423 1205 987 729 501 269 
          218 393 576 789 1003 1167 1304 1461 1563 1650 1723 1792 1766 1797 1706 1568 1490 1216 1163 931 710 454 210 
           201 467 659 868 1003 1279 1445 1473 1551 1692 1751 1732 1802 1680 1675 1540 1409 1270 1065 811 607 438 213 
            250 513 747 901 1133 1284 1514 1631 1637 1754 1794 1849 1782 1704 1594 1395 1279 1125 950 771 607 412 192 
             279 524 741 1031 1306 1376 1525 1655 1764 1738 1753 1745 1682 1536 1504 1375 1217 1068 872 688 557 386 206 
              276 576 807 1090 1295 1553 1566 1718 1744 1762 1703 1664 1569 1468 1402 1263 1107 980 759 653 494 317 160 
               355 631 914 1175 1399 1572 1627 1776 1789 1642 1615 1542 1556 1451 1308 1245 1061 905 766 589 441 299 151 
                369 721 1002 1346 1501 1613 1723 1703 1715 1621 1608 1511 1449 1293 1190 1053 917 790 687 576 406 272 129 
                 394 778 1096 1341 1578 1642 1676 1598 1574 1551 1506 1264 1278 1207 1023 923 847 720 594 501 370 254 129 
                  458 869 1222 1488 1639 1617 1573 1561 1460 1427 1275 1183 1132 1057 933 829 691 643 481 413 322 251 102 
                   536 1059 1455 1470 1579 1478 1507 1415 1340 1184 1115 1028 1031 840 761 730 613 564 466 315 290 181 100 
                    651 1213 1445 1413 1382 1410 1297 1106 1075 1072 979 867 807 677 658 573 540 409 362 296 214 121 88 
                     918 1435 1299 1249 1081 958 909 918 820 782 761 674 576 546 478 473 352 317 270 208 157 104 59 
                      1222 1007 721 726 666 606 605 565 478 466 438 393 384 280 287 229 207 181 161 114 70 61 30 
245.961679 avg black moves (among black wins)

0 0 0 0 0 0 0 0 0 0 0 0 0 0 0 0 0 0 0 0 0 0 0 
 0 0 0 0 0 0 0 0 0 0 0 0 0 0 0 0 0 0 0 0 0 0 0 
  0 0 0 0 0 0 0 0 0 0 0 0 0 0 0 0 0 0 0 0 0 0 0 
   0 0 0 0 0 0 0 0 0 0 0 0 0 0 0 0 0 0 0 0 0 0 0 
    0 0 0 0 0 0 0 0 0 0 0 0 0 0 0 0 0 0 0 0 0 0 0 
     0 0 0 0 0 0 0 0 0 0 0 0 0 0 0 0 0 0 0 0 0 0 0 
      1 0 0 0 1 0 0 0 1 1 0 2 3 2 4 0 1 1 4 3 6 4 3 
       8 3 9 6 4 9 11 10 13 18 13 24 26 26 27 34 41 38 43 53 64 70 77 
        90 98 103 135 129 162 173 210 213 223 284 293 341 358 409 481 540 638 612 668 757 799 933 
         1007 1092 1197 1279 1434 1567 1680 1836 1982 2119 2225 2440 2736 2857 3172 3268 3581 3790 4117 4311 4630 4974 5313 
          5666 6058 6448 6618 7029 7491 8084 8375 8647 8875 9534 9907 10348 10851 11117 11682 12001 12458 12847 13283 13706 14102 14481 
           14837 14950 15226 15667 15563 15971 16284 16097 16521 16476 16371 16664 16858 0 0 0 0 0 0 0 0 0 0 
            0 0 0 0 0 0 0 0 0 0 0 0 0 0 0 0 0 0 0 0 0 0 0 
             0 0 0 0 0 0 0 0 0 0 0 0 0 0 0 0 0 0 0 0 0 0 0 
              0 0 0 0 0 0 0 0 0 0 0 0 0 0 0 0 0 0 0 0 0 0 0 
               0 0 0 0 0 0 0 0 0 0 0 0 0 0 0 0 0 0 0 0 0 0 0 
                0 0 0 0 0 0 0 0 0 0 0 0 0 0 0 0 0 0 0 0 0 0 0 
                 0 0 0 0 0 0 0 0 0 0 0 0 0 0 0 0 0 0 0 0 0 0 0 
                  0 0 0 0 0 0 0 0 0 0 0 0 0 0 0 0 0 0 0 0 0 0 0 
                   0 0 0 0 0 0 0 0 0 0 0 0 0 0 0 0 0 0 0 0 0 0 0 
                    0 0 0 0 0 0 0 0 0 0 0 0 0 0 0 0 0 0 0 0 0 0 0 
                     0 0 0 0 0 0 0 0 0 0 0 0 0 0 0 0 0 0 0 0 0 0 0 
                      0 0 0 0 0 0 0 0 0 0 0 0 0 0 0 0 0 0 0 0 0 0 0 

prob. cell in minimal winning black path
0.63  0.78  0.90  0.96  1.08  1.12  1.18  1.33  1.48  1.38  1.65  1.56  1.82  1.98  1.96  2.38  2.45  2.58  2.92  3.34  3.94  5.36  6.96  
  0.79  1.01  1.23  1.47  1.66  1.83  1.92  2.02  2.42  2.43  2.58  2.97  3.21  3.27  3.55  3.84  4.31  4.62  5.10  6.10  6.92  8.09  5.83  
    0.99  1.33  1.63  1.85  2.08  2.61  2.75  2.87  3.07  3.41  3.55  3.99  4.45  4.42  4.77  5.34  5.80  6.30  6.96  8.20  8.14  7.37  4.31  
      1.02  1.60  1.98  2.21  2.71  2.90  3.43  3.67  4.00  4.31  4.67  5.09  5.27  5.95  6.27  6.72  7.62  7.59  8.37  8.28  7.97  7.11  4.34  
        1.29  1.92  2.28  2.79  3.27  3.63  4.43  4.59  4.98  5.17  5.81  5.81  6.49  7.41  7.35  7.90  8.44  8.85  9.17  8.85  7.81  6.22  4.02  
          1.44  2.12  2.70  3.25  3.68  4.05  4.83  5.54  5.53  6.20  6.67  7.27  7.29  7.78  8.72  8.82  9.03  9.19  9.05  8.32  7.96  5.57  3.71  
            1.77  2.36  3.08  3.52  4.29  5.23  5.82  5.84  6.30  7.10  7.40  8.14  8.51  8.57  8.78  9.11  9.61  9.37  8.82  8.47  7.36  5.31  3.70  
              1.82  2.62  3.45  4.22  4.81  5.57  5.73  6.60  7.33  7.66  8.23  8.29  9.13  9.25  9.59  9.90  9.51  8.95  8.76  7.99  6.35  5.36  3.49  
                1.86  3.27  4.14  4.58  5.27  6.24  6.92  7.19  8.11  8.48  8.77  8.70  9.16  9.83  9.73  9.96  9.57  8.83  8.22  7.59  6.19  4.84  3.03  
                  2.21  3.41  4.28  5.10  5.82  6.62  7.46  8.12  8.38  8.70  9.23  9.45  9.78  9.69  9.82  9.19  9.08  8.70  8.05  6.76  6.17  4.64  2.97  
                    2.48  3.38  4.81  5.71  6.31  7.13  7.82  8.67  9.06  9.40  9.61  9.76  9.99  9.77  9.51  9.04  9.01  8.47  7.24  6.40  5.68  4.53  2.82  
                      2.44  3.93  5.42  6.27  6.89  7.84  8.48  8.69  9.29  9.66  9.98  9.66  10.28  9.73  9.30  8.66  8.49  7.19  6.76  5.94  5.09  4.07  2.58  
                        2.56  4.20  5.69  6.42  7.71  8.39  9.29  9.36  9.30  9.65  9.84  10.03  9.93  9.40  8.80  8.73  8.17  7.26  6.49  5.95  4.77  3.55  2.53  
                          2.99  4.48  6.07  6.94  7.62  8.48  9.20  9.60  9.86  10.08  10.01  9.39  9.51  8.63  8.27  8.18  7.34  6.89  6.09  4.94  4.08  3.39  1.98  
                            3.21  4.95  6.23  7.64  8.57  9.11  9.01  9.81  10.03  9.63  9.52  9.36  8.93  8.46  7.92  7.42  6.80  5.91  5.44  4.53  3.98  3.03  2.02  
                              3.41  5.31  6.47  8.02  8.51  8.78  9.67  9.53  9.43  9.02  8.79  8.65  7.88  7.77  7.18  7.09  6.07  5.38  4.89  4.36  3.53  3.00  1.71  
                                3.46  5.72  6.63  8.40  8.78  9.17  9.34  9.34  9.01  8.67  8.38  7.95  7.27  6.94  6.36  6.11  5.35  4.98  4.16  3.74  3.36  2.36  1.60  
                                  3.79  5.75  7.32  8.21  8.75  9.13  8.99  8.82  8.40  8.03  6.93  7.22  6.45  6.15  5.68  5.29  4.68  4.31  3.90  3.48  2.66  2.18  1.46  
                                    4.10  6.54  7.69  8.52  8.89  8.77  8.31  7.83  7.43  6.87  6.65  6.13  5.53  5.11  4.52  4.55  4.13  3.64  3.04  2.97  2.41  1.93  1.35  
                                      4.31  6.86  7.85  8.59  8.23  7.65  7.33  6.65  6.29  5.72  5.42  4.79  4.58  4.14  3.95  3.62  3.55  3.15  2.68  2.17  2.07  1.60  1.10  
                                        4.77  7.19  8.15  7.51  7.00  6.18  5.94  5.74  4.98  4.36  4.26  3.71  3.71  3.45  3.11  2.83  2.65  2.46  2.20  2.03  1.63  1.33  0.87  
                                          5.60  7.32  6.67  5.87  5.19  4.68  4.07  3.95  3.73  3.15  2.90  2.82  2.68  2.54  2.18  2.08  1.94  1.84  1.83  1.46  1.14  1.05  0.82  
                                            6.98  4.99  4.39  3.30  2.99  2.57  2.58  2.29  2.12  1.92  1.61  1.63  1.52  1.59  1.35  1.30  1.18  1.18  1.04  1.03  0.97  0.81  0.66  

0.509013 prob. sum
