0.517438 black win rate, 13x13 board  1000000 samples
229 428 685 963 1197 1451 1673 1979 2222 2476 2856 3369 4418 
 403 792 1180 1650 2089 2527 2923 3306 3663 4088 4481 4739 2907 
  537 1078 1665 2138 2791 3261 3833 4249 4754 4949 4991 4120 2214 
   691 1319 2089 2667 3333 3957 4378 4747 5087 5139 4683 3557 1773 
    804 1659 2432 3242 3947 4580 5038 5153 5333 4986 4137 2921 1511 
     910 1920 2836 3739 4493 5019 5331 5600 5114 4782 3664 2541 1293 
      1099 2137 3248 4245 4845 5401 5441 5379 4896 4201 3201 2250 1077 
       1246 2523 3708 4597 5220 5494 5175 5001 4359 3632 2780 1926 935 
        1458 2981 4154 4799 5245 5342 4997 4591 3993 3295 2410 1669 850 
         1769 3395 4543 5045 5159 4841 4422 3909 3448 2753 2018 1352 675 
          2193 4004 4832 4864 4534 4227 3865 3278 2737 2081 1628 1085 524 
           2902 4634 4481 4215 3704 3301 2985 2468 1985 1681 1194 787 391 
            4269 3416 2940 2504 2359 1981 1665 1458 1191 892 713 467 195 
76.469136 avg black moves (among black wins)
0 0 0 0 0 0 0 0 0 0 0 0 0 
 0 0 0 0 0 0 0 0 0 0 0 0 0 
  0 0 0 0 0 0 0 1 2 1 2 6 7 
   8 14 20 26 43 51 63 99 118 181 224 304 355 
    522 636 829 1019 1288 1599 1937 2434 2984 3474 4208 5107 5914 
     7056 8275 9449 10828 12355 13907 15754 17701 19380 21696 23540 25772 27963 
      29851 30651 32414 33874 35179 35636 36220 36461 0 0 0 0 0 
       0 0 0 0 0 0 0 0 0 0 0 0 0 
        0 0 0 0 0 0 0 0 0 0 0 0 0 
         0 0 0 0 0 0 0 0 0 0 0 0 0 
          0 0 0 0 0 0 0 0 0 0 0 0 0 
           0 0 0 0 0 0 0 0 0 0 0 0 0 
            0 0 0 0 0 0 0 0 0 0 0 0 0 

prob. cell in minimal winning black path
0.000   0.000   0.001   0.001   0.001   0.001   0.001   0.001   0.001   0.002   0.002   0.003   0.004   
  0.000   0.001   0.001   0.001   0.002   0.002   0.002   0.003   0.003   0.003   0.004   0.005   0.003   
    0.001   0.001   0.002   0.002   0.002   0.003   0.003   0.004   0.004   0.005   0.005   0.004   0.003   
      0.001   0.002   0.002   0.003   0.003   0.004   0.004   0.005   0.005   0.005   0.005   0.004   0.003   
        0.001   0.002   0.003   0.003   0.004   0.004   0.005   0.005   0.005   0.005   0.005   0.004   0.002   
          0.001   0.003   0.003   0.004   0.005   0.005   0.005   0.005   0.005   0.005   0.004   0.003   0.002   
            0.002   0.003   0.004   0.004   0.005   0.005   0.005   0.005   0.005   0.004   0.004   0.003   0.002   
              0.002   0.003   0.004   0.005   0.005   0.006   0.005   0.005   0.005   0.004   0.003   0.002   0.001   
                0.002   0.004   0.005   0.005   0.005   0.005   0.005   0.004   0.004   0.003   0.003   0.002   0.001   
                  0.002   0.004   0.005   0.005   0.005   0.005   0.004   0.004   0.003   0.003   0.002   0.002   0.001   
                    0.003   0.004   0.005   0.005   0.004   0.004   0.003   0.003   0.002   0.002   0.002   0.001   0.001   
                      0.003   0.005   0.004   0.004   0.003   0.003   0.002   0.002   0.002   0.001   0.001   0.001   0.000   
                        0.004   0.003   0.002   0.002   0.002   0.001   0.001   0.001   0.001   0.001   0.001   0.000   0.000   

0.517438 prob. sum
