0.502658 black win rate, 61x61 board  1000000 samples

0 0 5 3 6 4 7 5 1 6 9 12 9 11 16 18 12 13 15 20 23 16 18 19 24 23 23 22 25 28 31 25 22 34 38 35 30 43 48 42 36 41 38 44 49 48 67 56 44 45 64 54 58 51 52 64 71 92 87 134 158 
 0 7 4 9 8 5 7 9 18 10 11 15 14 15 19 20 23 19 28 28 35 34 27 49 34 40 43 34 38 41 54 53 56 54 57 52 65 56 67 71 79 74 64 83 83 80 79 80 86 91 102 89 101 108 104 117 109 143 146 173 107 
  7 7 5 9 13 9 16 19 22 29 28 22 19 33 25 35 30 29 44 38 42 30 47 58 64 49 52 66 59 59 67 55 74 82 70 77 79 83 93 91 111 82 86 102 114 94 113 93 135 129 117 123 138 145 156 170 162 178 168 147 83 
   0 5 4 11 11 12 17 21 21 27 22 28 33 44 40 43 44 44 53 48 53 37 69 70 58 68 63 64 66 86 83 87 100 102 101 79 90 98 97 107 114 110 127 98 104 137 135 173 139 114 130 149 152 165 165 203 152 174 171 111 67 
    3 6 7 4 11 16 16 26 28 28 19 37 47 47 51 47 50 49 51 56 49 63 76 78 70 68 88 92 100 94 88 97 112 110 102 118 116 126 112 116 121 141 132 123 138 151 142 140 170 169 191 177 159 209 157 189 167 149 132 129 53 
     1 5 13 15 16 20 22 25 18 28 38 49 39 41 46 45 60 65 55 73 70 78 54 81 90 90 110 94 96 103 92 125 101 129 135 135 137 135 129 125 157 149 169 146 154 175 185 177 177 193 183 183 187 184 194 206 199 149 144 101 59 
      5 8 18 11 16 16 35 31 26 31 44 32 40 51 68 60 80 60 72 73 78 74 89 96 100 98 117 102 123 108 111 118 140 132 141 155 160 165 146 161 173 154 169 165 162 189 163 199 202 189 209 199 183 238 194 183 171 181 130 99 58 
       5 8 19 15 19 23 35 28 34 42 42 43 48 59 67 75 87 81 92 81 87 84 97 108 102 134 101 110 143 138 117 124 142 136 160 154 158 148 135 201 157 184 183 184 187 208 211 198 170 218 242 192 220 228 185 195 157 140 114 84 43 
        5 13 13 21 19 28 34 39 45 46 54 42 57 62 74 64 75 88 82 80 79 109 103 104 110 142 128 121 131 126 121 142 174 152 139 174 166 190 175 173 194 208 191 182 197 206 210 199 216 218 207 210 208 195 212 177 159 124 123 88 44 
         8 9 13 16 26 26 24 27 42 43 45 47 68 56 66 99 56 95 106 101 100 111 101 116 134 131 135 136 150 120 141 135 170 161 171 166 160 195 200 180 180 180 234 215 228 227 245 215 225 233 256 203 208 206 177 162 158 125 90 58 37 
          2 11 17 22 22 26 39 40 43 45 44 61 67 76 73 82 83 93 105 104 113 110 95 127 125 131 151 133 141 159 154 155 175 162 171 211 153 182 184 186 209 195 194 200 207 235 229 214 232 219 216 225 184 182 179 144 151 144 97 61 32 
           9 12 14 36 24 26 39 50 42 61 51 74 105 76 91 86 91 105 84 116 91 133 125 130 167 152 168 163 150 165 160 177 179 201 196 178 186 194 213 199 203 211 244 215 242 219 223 260 226 240 210 195 221 194 184 158 141 129 81 61 35 
            5 16 13 26 28 22 37 57 48 74 73 79 74 69 99 104 107 129 134 125 131 121 145 147 130 164 175 146 172 177 202 174 211 202 182 211 208 212 199 244 227 228 254 240 240 233 236 237 243 235 206 212 199 194 172 164 125 110 84 60 26 
             7 14 19 26 36 36 46 59 46 55 74 81 86 89 71 98 77 92 114 118 137 130 166 157 149 138 150 177 176 191 189 170 182 188 199 211 226 221 242 242 234 236 222 267 242 236 242 232 229 225 213 239 211 206 155 154 120 113 75 50 25 
              6 15 18 29 34 38 51 54 55 66 68 67 86 99 101 109 115 109 124 109 135 137 156 162 168 179 173 171 181 206 187 212 201 215 239 218 220 212 237 254 246 228 237 244 222 216 241 218 230 217 194 183 193 168 145 132 116 110 79 54 23 
               10 19 28 30 43 44 59 58 63 65 68 81 87 97 107 88 114 115 130 114 115 151 143 166 153 188 165 195 204 199 210 214 230 244 206 219 220 225 225 241 224 249 246 247 239 246 238 230 192 209 178 217 197 186 175 129 100 90 74 57 25 
                8 19 27 25 41 44 55 59 62 70 75 98 105 119 120 95 117 135 133 163 140 154 158 159 193 189 182 186 195 209 200 236 205 246 230 238 227 249 243 239 236 243 258 250 270 220 226 230 227 202 155 156 161 158 145 136 106 94 79 49 20 
                 12 13 27 36 42 44 60 58 68 71 81 91 83 111 112 117 152 135 146 167 162 133 176 179 186 217 202 218 193 201 217 216 249 238 220 223 226 281 259 226 229 259 272 234 255 232 233 206 233 184 182 197 156 166 145 117 106 65 65 41 35 
                  6 16 25 33 52 53 61 61 75 70 105 111 118 120 122 131 130 144 159 170 166 166 179 159 182 193 209 202 227 210 203 198 226 252 241 222 230 235 251 253 253 266 267 236 253 251 230 239 222 190 210 220 158 161 120 116 113 65 65 40 16 
                   9 22 29 26 32 41 51 72 76 75 97 86 128 126 135 138 159 154 144 182 155 196 186 194 196 199 210 217 238 202 228 226 232 230 208 251 276 281 261 261 290 249 240 221 271 230 223 192 192 182 182 174 166 149 138 103 87 60 60 42 31 
                    14 18 25 38 36 65 69 76 64 90 88 108 108 115 115 151 162 170 154 172 152 168 201 214 197 227 202 211 230 235 215 220 244 213 237 254 239 253 258 247 257 254 265 233 222 229 224 195 203 210 180 176 148 140 109 96 80 65 66 37 20 
                     4 26 22 39 44 57 68 72 80 86 102 112 113 133 132 121 172 140 149 177 189 183 185 202 193 200 243 222 245 259 246 243 243 225 253 243 247 270 244 261 254 261 251 213 227 206 210 210 179 193 175 136 157 141 134 88 85 71 60 36 19 
                      14 20 34 40 51 55 64 78 81 94 91 111 112 135 134 149 148 173 175 181 187 180 212 207 214 224 227 244 249 228 272 261 264 245 267 261 259 263 245 232 246 265 252 274 223 202 230 185 213 183 147 150 130 120 123 108 80 67 53 38 16 
                       14 21 28 51 54 59 78 88 83 84 102 94 129 129 162 164 170 182 201 171 201 201 175 219 232 251 261 243 236 262 248 235 227 271 247 241 284 252 279 230 260 223 234 257 222 216 222 199 190 175 183 152 121 99 101 99 83 88 60 22 13 
                        22 25 40 50 47 57 70 76 89 113 97 108 129 141 153 170 157 191 169 193 212 235 228 228 218 242 201 252 254 255 255 257 285 277 212 259 276 263 276 215 219 246 234 240 246 226 221 188 206 193 168 147 131 139 95 97 72 71 47 47 21 
                         7 31 27 38 53 59 80 87 85 130 113 119 115 134 167 181 170 177 177 220 189 205 230 245 220 228 229 244 252 252 291 246 259 259 279 256 249 248 265 251 239 214 219 237 229 165 199 204 179 164 135 144 137 114 101 96 72 61 46 41 25 
                          10 22 34 43 63 63 92 93 95 91 125 152 140 133 143 183 156 193 176 184 222 220 239 239 201 232 234 251 248 242 258 263 258 223 268 251 263 274 221 246 260 275 203 219 228 202 201 173 176 171 138 120 114 110 100 80 84 59 51 34 15 
                           7 28 40 45 50 62 69 84 103 106 112 129 138 161 149 208 193 190 212 211 205 224 226 233 258 242 255 237 256 253 248 263 262 302 310 276 233 268 263 237 210 231 237 240 206 184 200 178 183 167 148 120 128 116 97 82 57 60 39 24 21 
                            17 23 49 41 71 62 75 97 98 102 123 154 150 146 171 169 176 221 198 206 230 242 245 290 245 232 252 254 239 287 240 262 297 255 235 265 258 257 223 238 243 230 217 204 198 199 186 156 155 138 152 135 139 112 88 92 68 52 47 27 19 
                             17 26 39 54 62 80 78 81 113 114 121 130 160 160 157 182 228 200 200 240 234 199 235 235 235 241 271 224 256 239 249 248 272 245 250 253 244 242 224 236 246 191 243 215 197 190 192 210 153 161 150 123 104 109 100 84 69 63 43 24 20 
                              13 32 41 47 60 77 110 112 113 112 134 145 173 185 172 188 207 196 212 208 226 214 233 243 257 245 256 261 239 271 269 258 272 260 253 266 253 249 242 223 231 213 216 216 191 174 178 147 169 165 111 157 117 106 88 74 70 60 35 29 24 
                               18 40 43 50 82 74 86 95 110 133 130 151 150 151 192 169 209 224 218 234 253 243 241 246 266 225 245 268 241 276 273 246 251 265 239 260 274 241 250 224 233 218 200 180 158 189 193 180 157 158 118 132 103 111 98 68 58 52 48 17 13 
                                15 24 39 65 68 89 112 102 124 123 155 160 153 189 168 209 195 224 232 239 242 220 214 230 241 206 251 243 263 258 269 277 256 290 230 241 239 240 248 185 226 228 216 207 180 199 169 150 163 169 113 120 121 81 86 62 61 40 41 37 11 
                                 14 31 40 58 69 88 88 100 137 144 143 159 181 168 211 199 198 235 230 234 202 243 227 229 234 231 265 245 248 258 258 254 234 255 250 257 237 227 227 219 226 199 186 181 168 155 142 134 147 133 111 107 94 94 98 77 62 48 40 33 12 
                                  24 40 47 59 78 91 95 118 112 151 161 193 170 154 191 231 233 203 253 252 243 250 283 230 231 287 273 289 270 245 254 275 250 264 235 243 237 219 200 204 206 182 220 162 197 140 148 153 120 127 112 104 73 95 72 74 57 36 29 32 18 
                                   19 37 46 72 72 112 112 109 120 148 145 158 184 189 174 221 222 241 252 251 247 255 277 231 254 239 264 247 271 256 249 240 240 234 252 206 214 224 201 211 197 224 209 170 170 187 173 141 121 117 108 93 97 89 63 64 38 48 32 23 15 
                                    11 40 55 64 78 88 92 106 135 139 131 197 188 191 215 202 236 220 224 256 224 229 248 264 231 255 281 262 238 292 258 270 240 241 261 226 221 226 233 213 196 182 188 212 190 173 124 150 120 133 116 87 107 100 66 59 63 43 35 24 15 
                                     25 32 58 53 92 102 120 123 152 147 143 198 167 217 241 250 210 258 242 253 244 235 268 248 248 246 249 223 276 216 233 243 228 240 215 219 221 221 234 184 213 189 186 171 161 162 153 114 143 121 106 113 86 83 89 56 56 39 35 16 13 
                                      22 43 44 64 85 97 95 124 140 127 177 185 205 190 237 219 224 250 236 243 246 250 232 248 281 269 238 236 240 242 266 209 239 226 227 228 206 213 202 209 184 187 168 178 149 149 142 132 104 104 92 81 100 70 64 59 47 52 35 20 14 
                                       16 27 54 68 87 90 121 135 143 168 173 202 191 233 214 231 223 252 278 241 238 248 294 232 277 241 231 247 263 237 259 236 213 238 214 221 215 187 187 193 158 173 176 140 155 142 155 117 106 114 116 116 89 65 62 51 53 34 29 15 9 
                                        21 35 48 65 95 104 103 141 154 160 178 189 216 200 235 222 215 239 238 251 226 235 254 239 281 259 223 259 261 208 229 226 221 225 212 200 210 194 180 187 178 174 152 154 133 137 146 126 116 117 112 71 94 63 64 48 55 39 28 21 14 
                                         19 31 68 83 84 127 128 153 152 161 182 188 230 213 204 232 254 221 256 271 265 248 257 274 257 273 233 228 219 237 258 227 221 212 199 201 212 174 198 175 172 153 156 138 146 120 126 92 108 106 100 93 65 76 63 46 39 39 22 15 5 
                                          24 46 52 95 102 103 135 131 157 179 200 188 210 236 249 245 243 241 252 261 233 257 263 251 255 245 251 223 273 231 216 227 202 174 184 189 186 187 176 190 185 138 145 147 112 156 103 112 98 69 76 91 77 73 45 57 42 37 32 16 11 
                                           22 36 75 89 101 141 149 133 143 199 198 229 212 230 243 236 224 210 204 234 254 247 274 230 247 250 255 238 224 241 240 204 254 197 184 179 184 166 175 158 176 142 129 157 109 124 121 99 88 94 82 75 74 66 46 46 35 25 32 23 8 
                                            23 47 69 79 111 125 128 160 185 194 194 219 228 240 228 227 221 277 246 252 288 271 223 235 226 221 221 221 216 224 222 209 206 196 197 183 182 176 183 133 157 135 129 135 144 120 109 92 102 96 73 90 63 56 54 41 31 35 25 16 11 
                                             22 49 61 95 119 133 134 172 178 201 199 209 246 228 238 260 262 224 253 248 252 237 233 227 221 209 239 189 209 211 228 224 192 188 184 166 165 154 156 163 147 143 138 128 121 106 117 103 99 87 70 74 63 45 54 45 47 26 19 14 6 
                                              29 46 86 114 125 158 179 183 176 207 229 188 232 232 225 250 220 253 257 213 247 220 248 240 232 200 196 220 220 219 218 182 186 176 173 157 175 176 155 136 138 117 124 102 113 106 94 85 94 83 64 68 72 47 48 38 29 35 24 8 3 
                                               35 48 79 85 141 148 171 148 202 200 202 198 229 220 246 226 225 247 233 223 227 242 213 199 221 190 182 204 205 204 194 179 191 179 162 177 138 152 154 161 128 127 112 124 114 106 94 90 88 65 50 57 62 47 48 42 27 25 20 13 6 
                                                26 58 88 113 112 154 192 218 204 209 235 220 241 248 232 228 230 212 217 247 226 208 221 201 217 192 237 220 202 163 178 165 184 198 129 154 160 148 126 123 130 101 109 114 88 93 101 78 74 61 72 51 54 40 48 36 26 32 12 17 6 
                                                 37 73 87 127 119 181 159 210 191 228 214 211 234 233 231 227 210 225 224 221 210 212 210 188 165 177 175 201 178 166 152 154 160 153 139 149 134 155 120 150 114 120 88 91 116 97 78 80 80 80 49 64 43 50 44 43 27 21 7 12 10 
                                                  27 63 93 140 125 172 172 191 208 213 219 218 231 243 198 190 214 208 215 232 200 232 198 195 225 189 181 174 160 171 138 158 181 161 130 131 127 118 122 99 103 125 94 96 75 80 85 75 70 59 49 59 51 42 41 39 26 15 20 11 4 
                                                   46 83 107 110 144 175 180 195 212 220 222 197 228 207 252 196 201 213 200 206 195 212 209 178 195 186 179 178 154 147 174 153 142 136 126 126 120 116 103 121 107 103 86 93 82 83 69 70 73 76 60 51 37 54 34 28 39 18 16 12 3 
                                                    36 72 108 137 164 148 214 178 210 211 214 212 204 219 192 174 202 226 197 177 189 177 179 152 165 153 174 146 154 143 133 142 122 146 102 117 104 110 109 100 97 81 78 68 78 71 73 73 52 73 43 38 42 44 38 23 23 17 11 5 6 
                                                     47 86 112 141 167 165 170 216 202 183 203 206 189 214 172 183 161 191 195 147 184 180 170 163 144 172 178 136 119 140 138 104 124 125 127 101 101 97 112 96 84 78 69 71 68 71 64 60 65 49 34 50 29 37 37 20 16 17 17 9 5 
                                                      59 104 123 158 173 200 178 208 224 177 191 201 189 174 162 180 160 182 154 160 193 170 175 162 143 120 131 139 133 118 128 112 127 99 101 120 79 91 100 71 70 68 67 71 70 65 54 52 49 39 51 43 31 29 31 19 17 17 7 5 5 
                                                       44 96 124 178 198 176 220 186 179 184 168 177 158 168 163 155 147 175 162 142 136 134 129 121 145 130 123 116 120 88 98 95 105 92 113 73 87 85 74 66 70 53 60 49 56 39 53 46 44 38 33 40 32 30 23 20 16 14 5 4 2 
                                                        52 103 161 163 180 173 183 196 185 157 170 163 155 136 179 148 147 126 106 119 112 131 117 116 122 120 113 99 116 89 93 99 79 67 74 85 77 65 61 59 59 57 53 33 49 47 51 40 40 28 38 42 22 16 22 16 12 9 9 5 2 
                                                         61 126 159 191 176 176 185 151 154 132 143 144 131 134 136 112 140 118 133 106 128 115 99 108 98 92 90 85 89 85 80 76 62 69 69 81 70 51 59 79 54 46 40 42 47 32 33 30 30 21 30 27 23 17 21 12 9 10 5 3 0 
                                                          90 177 182 164 178 143 142 144 125 121 141 129 118 105 96 107 97 100 89 100 110 81 80 85 74 84 84 74 89 71 67 69 78 59 48 64 41 55 57 48 40 39 38 45 29 29 28 34 17 22 27 22 12 17 13 14 13 12 5 5 3 
                                                           113 149 152 120 117 135 110 96 105 93 87 93 73 98 86 66 68 74 72 59 74 83 56 56 58 58 52 48 40 50 62 44 51 55 37 39 38 34 26 31 29 26 29 35 19 26 38 25 23 6 10 16 12 8 12 9 8 7 3 3 2 
                                                            144 97 87 81 82 63 65 63 54 60 44 54 53 43 45 41 45 43 38 38 32 46 33 37 30 31 38 30 30 30 20 28 35 22 21 25 26 21 16 27 18 16 19 11 15 16 7 9 4 7 8 4 14 9 6 2 1 2 4 2 1 
1791.386281 avg black moves (among black wins)

0 0 0 0 0 0 0 0 0 0 0 0 0 0 0 0 0 0 0 0 0 0 0 0 0 0 0 0 0 0 0 0 0 0 0 0 0 0 0 0 0 0 0 0 0 0 0 0 0 0 0 0 0 0 0 0 0 0 0 0 0 
 0 0 0 0 0 0 0 0 0 0 0 0 0 0 0 0 0 0 0 0 0 0 0 0 0 0 0 0 0 0 0 0 0 0 0 0 0 0 0 0 0 0 0 0 0 0 0 0 0 0 0 0 0 0 0 0 0 0 0 0 0 
  0 0 0 0 0 0 0 0 0 0 0 0 0 0 0 0 0 0 0 0 0 0 0 0 0 0 0 0 0 0 0 0 0 0 0 0 0 0 0 0 0 0 0 0 0 0 0 0 0 0 0 0 0 0 0 0 0 0 0 0 0 
   0 0 0 0 0 0 0 0 0 0 0 0 0 0 0 0 0 0 0 0 0 0 0 0 0 0 0 0 0 0 0 0 0 0 0 0 0 0 0 0 0 0 0 0 0 0 0 0 0 0 0 0 0 0 0 0 0 0 0 0 0 
    0 0 0 0 0 0 0 0 0 0 0 0 0 0 0 0 0 0 0 0 0 0 0 0 0 0 0 0 0 0 0 0 0 0 0 0 0 0 0 0 0 0 0 0 0 0 0 0 0 0 0 0 0 0 0 0 0 0 0 0 0 
     0 0 0 0 0 0 0 0 0 0 0 0 0 0 0 0 0 0 0 0 0 0 0 0 0 0 0 0 0 0 0 0 0 0 0 0 0 0 0 0 0 0 0 0 0 0 0 0 0 0 0 0 0 0 0 0 0 0 0 0 0 
      0 0 0 0 0 0 0 0 0 0 0 0 0 0 0 0 0 0 0 0 0 0 0 0 0 0 0 0 0 0 0 0 0 0 0 0 0 0 0 0 0 0 0 0 0 0 0 0 0 0 0 0 0 0 0 0 0 0 0 0 0 
       0 0 0 0 0 0 0 0 0 0 0 0 0 0 0 0 0 0 0 0 0 0 0 0 0 0 0 0 0 0 0 0 0 0 0 0 0 0 0 0 0 0 0 0 0 0 0 0 0 0 0 0 0 0 0 0 0 0 0 0 0 
        0 0 0 0 0 0 0 0 0 0 0 0 0 0 0 0 0 0 0 0 0 0 0 0 0 0 0 0 0 0 0 0 0 0 0 0 0 0 0 0 0 0 0 0 0 0 0 0 0 0 0 0 0 0 0 0 0 0 0 0 0 
         0 0 0 0 0 0 0 0 0 0 0 0 0 0 0 0 0 0 0 0 0 0 0 0 0 0 0 0 0 0 0 0 0 0 0 0 0 0 0 0 0 0 0 0 0 0 0 0 0 0 0 0 0 0 0 0 0 0 0 0 0 
          0 0 0 0 0 0 0 0 0 0 0 0 0 0 0 0 0 0 0 0 0 0 0 0 0 0 0 0 0 0 0 0 0 0 0 0 0 0 0 0 0 0 0 0 0 0 0 0 0 0 0 0 0 0 0 0 0 0 0 0 0 
           0 0 0 0 0 0 0 0 0 0 0 0 0 0 0 0 0 0 0 0 0 0 0 0 0 0 0 0 0 0 0 0 0 0 0 0 0 0 0 0 0 0 0 0 0 0 0 0 0 0 0 0 0 0 0 0 0 0 0 0 0 
            0 0 0 0 0 0 0 0 0 0 0 0 0 0 0 0 0 0 0 0 0 0 0 0 0 0 0 0 0 0 0 0 0 0 0 0 0 0 0 0 0 0 0 0 0 0 0 0 0 0 0 0 0 0 0 0 0 0 0 0 0 
             0 0 0 0 0 0 0 0 0 0 0 0 0 0 0 0 0 0 0 0 0 0 0 0 0 0 0 0 0 0 0 0 0 0 0 0 0 0 0 0 0 0 0 0 0 0 0 0 0 0 0 0 0 0 0 0 0 0 0 0 0 
              0 0 0 0 0 0 0 0 0 0 0 0 0 0 0 0 0 0 0 0 0 0 0 0 0 0 0 0 0 0 0 0 0 0 0 0 0 0 0 0 0 0 0 0 0 0 0 0 0 0 0 0 0 0 0 0 0 0 0 0 0 
               0 0 0 0 0 0 0 0 0 0 0 0 0 0 0 0 0 0 0 0 0 0 0 0 0 0 0 0 0 0 0 0 0 0 0 0 0 0 0 0 0 0 0 0 0 0 0 0 0 0 0 0 0 0 0 0 0 0 0 0 0 
                0 0 0 0 0 0 0 0 0 0 0 0 0 0 0 0 0 0 0 0 0 0 0 0 0 0 0 0 0 0 0 0 0 0 0 0 0 0 0 0 0 0 0 0 0 0 0 0 0 0 0 0 0 0 0 0 0 0 0 0 0 
                 0 0 0 0 0 0 0 0 0 0 0 0 0 0 0 0 0 0 0 0 0 0 0 0 0 0 0 0 0 0 0 0 0 0 0 0 0 0 0 0 0 0 0 0 0 0 0 0 0 0 0 0 0 0 0 0 0 0 0 0 0 
                  0 0 0 0 0 0 0 0 0 0 0 0 0 0 0 0 0 0 0 0 0 0 0 0 0 0 0 0 0 0 0 0 0 0 0 0 0 0 0 0 0 0 0 0 0 0 0 0 0 0 0 0 0 0 0 0 0 0 0 0 0 
                   0 0 0 0 0 0 0 0 0 0 0 0 0 0 0 0 0 0 0 0 0 0 0 0 0 0 0 0 0 0 0 0 0 0 0 0 0 0 0 0 0 0 0 0 0 0 0 0 0 0 0 0 0 0 0 0 0 0 0 0 0 
                    0 0 0 0 0 0 0 0 0 0 0 0 0 0 0 0 0 0 0 0 0 0 0 0 0 0 0 0 0 0 0 0 0 0 0 0 0 0 0 0 0 0 0 0 0 0 0 0 0 0 0 0 0 0 0 0 0 0 0 0 0 
                     0 0 0 0 0 0 0 0 0 0 0 0 0 0 0 0 0 0 0 0 0 0 0 0 0 0 0 0 0 0 0 0 0 0 0 0 0 0 0 0 0 0 0 0 0 0 0 0 0 0 0 0 0 0 0 0 0 0 0 0 0 
                      0 0 0 0 0 0 1 0 0 0 0 0 0 0 0 0 0 0 0 0 0 0 0 0 0 0 0 0 0 0 0 0 0 0 0 0 1 0 0 0 0 0 0 0 0 0 0 0 0 0 0 0 0 0 0 0 0 0 0 0 0 
                       0 0 0 0 0 0 0 0 0 1 0 0 0 0 0 0 0 0 0 0 0 0 0 0 1 0 1 0 0 0 0 0 0 0 1 1 0 0 0 0 0 0 3 1 2 1 0 1 1 1 1 2 1 0 1 0 0 2 2 2 1 
                        2 1 1 0 1 2 0 1 0 1 1 0 3 1 1 1 2 2 1 2 0 0 2 1 2 2 2 1 2 3 3 2 5 2 1 2 3 2 1 7 4 2 8 1 7 4 3 4 6 2 4 5 4 6 6 10 2 11 3 16 9 
                         10 10 10 8 6 15 9 7 7 14 12 8 9 9 10 14 15 8 15 13 10 15 16 15 15 15 18 13 11 18 14 23 20 17 13 21 17 29 29 21 29 29 25 29 25 31 28 41 29 32 27 29 36 36 37 37 48 51 35 52 44 
                          33 42 63 49 56 40 62 59 71 63 53 56 63 68 66 70 73 90 67 84 89 97 96 90 87 107 105 89 79 109 114 107 122 122 116 118 127 125 156 152 151 156 156 148 172 163 165 182 156 199 170 183 214 200 214 191 207 205 233 210 255 
                           277 290 263 268 257 275 276 271 293 312 293 330 296 337 292 368 352 381 397 381 411 421 360 400 420 493 490 483 481 483 508 523 541 539 551 548 571 576 578 634 586 650 635 687 731 688 723 725 765 786 767 816 855 832 903 885 864 844 932 974 949 
                            962 976 980 1033 1015 1128 1090 1124 1044 1147 1102 1156 1184 1243 1249 1285 1304 1342 1300 1347 1426 1413 1354 1410 1500 1553 1535 1498 1526 1643 1586 1671 1697 1742 1721 1855 1769 1763 1847 1926 1878 1947 1904 1999 1937 2165 2118 2084 2129 2180 2265 2173 2277 2314 2385 2406 2376 2508 2550 2520 2481 
                             2637 2582 2676 2578 2613 2681 2688 2801 2740 2760 2954 2985 2898 2971 3048 3051 3096 3080 3193 3198 3310 3359 3283 3358 3302 3396 3378 3522 3549 3535 3485 3507 3706 3625 3599 3605 3644 3711 3899 3768 3886 3822 3895 3958 4022 3988 3994 4064 3974 4114 4014 4191 4208 4315 4284 4349 4305 4363 4180 4331 4392 
                              4403 4275 4294 4324 4430 4508 4502 4390 4457 4505 4528 4360 4548 4547 4516 4555 4528 4526 4448 4634 4644 4433 4568 4627 4605 4702 4589 4511 4615 4680 4627 4634 0 0 0 0 0 0 0 0 0 0 0 0 0 0 0 0 0 0 0 0 0 0 0 0 0 0 0 0 0 
                               0 0 0 0 0 0 0 0 0 0 0 0 0 0 0 0 0 0 0 0 0 0 0 0 0 0 0 0 0 0 0 0 0 0 0 0 0 0 0 0 0 0 0 0 0 0 0 0 0 0 0 0 0 0 0 0 0 0 0 0 0 
                                0 0 0 0 0 0 0 0 0 0 0 0 0 0 0 0 0 0 0 0 0 0 0 0 0 0 0 0 0 0 0 0 0 0 0 0 0 0 0 0 0 0 0 0 0 0 0 0 0 0 0 0 0 0 0 0 0 0 0 0 0 
                                 0 0 0 0 0 0 0 0 0 0 0 0 0 0 0 0 0 0 0 0 0 0 0 0 0 0 0 0 0 0 0 0 0 0 0 0 0 0 0 0 0 0 0 0 0 0 0 0 0 0 0 0 0 0 0 0 0 0 0 0 0 
                                  0 0 0 0 0 0 0 0 0 0 0 0 0 0 0 0 0 0 0 0 0 0 0 0 0 0 0 0 0 0 0 0 0 0 0 0 0 0 0 0 0 0 0 0 0 0 0 0 0 0 0 0 0 0 0 0 0 0 0 0 0 
                                   0 0 0 0 0 0 0 0 0 0 0 0 0 0 0 0 0 0 0 0 0 0 0 0 0 0 0 0 0 0 0 0 0 0 0 0 0 0 0 0 0 0 0 0 0 0 0 0 0 0 0 0 0 0 0 0 0 0 0 0 0 
                                    0 0 0 0 0 0 0 0 0 0 0 0 0 0 0 0 0 0 0 0 0 0 0 0 0 0 0 0 0 0 0 0 0 0 0 0 0 0 0 0 0 0 0 0 0 0 0 0 0 0 0 0 0 0 0 0 0 0 0 0 0 
                                     0 0 0 0 0 0 0 0 0 0 0 0 0 0 0 0 0 0 0 0 0 0 0 0 0 0 0 0 0 0 0 0 0 0 0 0 0 0 0 0 0 0 0 0 0 0 0 0 0 0 0 0 0 0 0 0 0 0 0 0 0 
                                      0 0 0 0 0 0 0 0 0 0 0 0 0 0 0 0 0 0 0 0 0 0 0 0 0 0 0 0 0 0 0 0 0 0 0 0 0 0 0 0 0 0 0 0 0 0 0 0 0 0 0 0 0 0 0 0 0 0 0 0 0 
                                       0 0 0 0 0 0 0 0 0 0 0 0 0 0 0 0 0 0 0 0 0 0 0 0 0 0 0 0 0 0 0 0 0 0 0 0 0 0 0 0 0 0 0 0 0 0 0 0 0 0 0 0 0 0 0 0 0 0 0 0 0 
                                        0 0 0 0 0 0 0 0 0 0 0 0 0 0 0 0 0 0 0 0 0 0 0 0 0 0 0 0 0 0 0 0 0 0 0 0 0 0 0 0 0 0 0 0 0 0 0 0 0 0 0 0 0 0 0 0 0 0 0 0 0 
                                         0 0 0 0 0 0 0 0 0 0 0 0 0 0 0 0 0 0 0 0 0 0 0 0 0 0 0 0 0 0 0 0 0 0 0 0 0 0 0 0 0 0 0 0 0 0 0 0 0 0 0 0 0 0 0 0 0 0 0 0 0 
                                          0 0 0 0 0 0 0 0 0 0 0 0 0 0 0 0 0 0 0 0 0 0 0 0 0 0 0 0 0 0 0 0 0 0 0 0 0 0 0 0 0 0 0 0 0 0 0 0 0 0 0 0 0 0 0 0 0 0 0 0 0 
                                           0 0 0 0 0 0 0 0 0 0 0 0 0 0 0 0 0 0 0 0 0 0 0 0 0 0 0 0 0 0 0 0 0 0 0 0 0 0 0 0 0 0 0 0 0 0 0 0 0 0 0 0 0 0 0 0 0 0 0 0 0 
                                            0 0 0 0 0 0 0 0 0 0 0 0 0 0 0 0 0 0 0 0 0 0 0 0 0 0 0 0 0 0 0 0 0 0 0 0 0 0 0 0 0 0 0 0 0 0 0 0 0 0 0 0 0 0 0 0 0 0 0 0 0 
                                             0 0 0 0 0 0 0 0 0 0 0 0 0 0 0 0 0 0 0 0 0 0 0 0 0 0 0 0 0 0 0 0 0 0 0 0 0 0 0 0 0 0 0 0 0 0 0 0 0 0 0 0 0 0 0 0 0 0 0 0 0 
                                              0 0 0 0 0 0 0 0 0 0 0 0 0 0 0 0 0 0 0 0 0 0 0 0 0 0 0 0 0 0 0 0 0 0 0 0 0 0 0 0 0 0 0 0 0 0 0 0 0 0 0 0 0 0 0 0 0 0 0 0 0 
                                               0 0 0 0 0 0 0 0 0 0 0 0 0 0 0 0 0 0 0 0 0 0 0 0 0 0 0 0 0 0 0 0 0 0 0 0 0 0 0 0 0 0 0 0 0 0 0 0 0 0 0 0 0 0 0 0 0 0 0 0 0 
                                                0 0 0 0 0 0 0 0 0 0 0 0 0 0 0 0 0 0 0 0 0 0 0 0 0 0 0 0 0 0 0 0 0 0 0 0 0 0 0 0 0 0 0 0 0 0 0 0 0 0 0 0 0 0 0 0 0 0 0 0 0 
                                                 0 0 0 0 0 0 0 0 0 0 0 0 0 0 0 0 0 0 0 0 0 0 0 0 0 0 0 0 0 0 0 0 0 0 0 0 0 0 0 0 0 0 0 0 0 0 0 0 0 0 0 0 0 0 0 0 0 0 0 0 0 
                                                  0 0 0 0 0 0 0 0 0 0 0 0 0 0 0 0 0 0 0 0 0 0 0 0 0 0 0 0 0 0 0 0 0 0 0 0 0 0 0 0 0 0 0 0 0 0 0 0 0 0 0 0 0 0 0 0 0 0 0 0 0 
                                                   0 0 0 0 0 0 0 0 0 0 0 0 0 0 0 0 0 0 0 0 0 0 0 0 0 0 0 0 0 0 0 0 0 0 0 0 0 0 0 0 0 0 0 0 0 0 0 0 0 0 0 0 0 0 0 0 0 0 0 0 0 
                                                    0 0 0 0 0 0 0 0 0 0 0 0 0 0 0 0 0 0 0 0 0 0 0 0 0 0 0 0 0 0 0 0 0 0 0 0 0 0 0 0 0 0 0 0 0 0 0 0 0 0 0 0 0 0 0 0 0 0 0 0 0 
                                                     0 0 0 0 0 0 0 0 0 0 0 0 0 0 0 0 0 0 0 0 0 0 0 0 0 0 0 0 0 0 0 0 0 0 0 0 0 0 0 0 0 0 0 0 0 0 0 0 0 0 0 0 0 0 0 0 0 0 0 0 0 
                                                      0 0 0 0 0 0 0 0 0 0 0 0 0 0 0 0 0 0 0 0 0 0 0 0 0 0 0 0 0 0 0 0 0 0 0 0 0 0 0 0 0 0 0 0 0 0 0 0 0 0 0 0 0 0 0 0 0 0 0 0 0 
                                                       0 0 0 0 0 0 0 0 0 0 0 0 0 0 0 0 0 0 0 0 0 0 0 0 0 0 0 0 0 0 0 0 0 0 0 0 0 0 0 0 0 0 0 0 0 0 0 0 0 0 0 0 0 0 0 0 0 0 0 0 0 
                                                        0 0 0 0 0 0 0 0 0 0 0 0 0 0 0 0 0 0 0 0 0 0 0 0 0 0 0 0 0 0 0 0 0 0 0 0 0 0 0 0 0 0 0 0 0 0 0 0 0 0 0 0 0 0 0 0 0 0 0 0 0 
                                                         0 0 0 0 0 0 0 0 0 0 0 0 0 0 0 0 0 0 0 0 0 0 0 0 0 0 0 0 0 0 0 0 0 0 0 0 0 0 0 0 0 0 0 0 0 0 0 0 0 0 0 0 0 0 0 0 0 0 0 0 0 
                                                          0 0 0 0 0 0 0 0 0 0 0 0 0 0 0 0 0 0 0 0 0 0 0 0 0 0 0 0 0 0 0 0 0 0 0 0 0 0 0 0 0 0 0 0 0 0 0 0 0 0 0 0 0 0 0 0 0 0 0 0 0 
                                                           0 0 0 0 0 0 0 0 0 0 0 0 0 0 0 0 0 0 0 0 0 0 0 0 0 0 0 0 0 0 0 0 0 0 0 0 0 0 0 0 0 0 0 0 0 0 0 0 0 0 0 0 0 0 0 0 0 0 0 0 0 
                                                            0 0 0 0 0 0 0 0 0 0 0 0 0 0 0 0 0 0 0 0 0 0 0 0 0 0 0 0 0 0 0 0 0 0 0 0 0 0 0 0 0 0 0 0 0 0 0 0 0 0 0 0 0 0 0 0 0 0 0 0 0 

prob. cell in minimal winning black path
0.50  0.50  0.76  0.50  0.61  0.54  0.69  0.69  0.69  0.80  0.57  0.83  0.69  0.76  0.72  0.87  0.80  0.95  0.72  0.83  1.02  0.65  1.02  1.02  1.32  0.76  0.87  0.76  1.13  1.13  0.98  1.17  1.06  1.02  1.39  1.21  0.91  1.43  1.32  1.10  1.28  1.21  1.39  1.32  1.36  1.32  1.58  1.80  1.47  1.88  1.50  2.21  1.84  2.25  2.70  2.14  2.43  2.77  3.85  4.70  5.86  
  0.50  0.76  0.76  0.69  0.72  0.69  0.80  0.80  0.98  0.83  0.91  0.95  1.10  1.02  1.06  1.21  1.21  0.98  1.10  1.32  1.17  1.47  1.24  1.28  1.43  1.65  1.32  1.54  1.36  1.47  1.69  1.99  1.39  1.65  1.99  1.88  1.99  1.69  2.10  1.50  1.80  1.65  2.21  1.84  2.25  2.32  2.21  2.29  2.66  3.22  2.84  3.59  3.18  3.70  4.37  4.07  4.33  5.19  7.09  6.04  4.11  
    0.69  0.65  0.69  0.65  0.76  0.98  1.17  1.21  0.98  0.98  1.13  1.02  0.98  1.21  1.17  1.54  1.50  1.50  1.43  1.58  1.43  1.32  1.77  1.54  1.99  1.50  1.77  1.99  2.32  1.95  2.03  2.10  1.95  1.99  2.25  2.21  2.55  2.66  2.14  2.51  2.29  3.03  2.43  3.29  3.07  2.77  3.70  3.44  3.77  3.74  3.96  4.48  4.52  4.67  5.08  5.11  6.49  6.42  7.27  6.16  3.74  
      0.61  0.83  0.83  0.91  0.65  1.06  0.91  1.06  1.28  1.10  1.32  1.84  1.47  1.47  1.58  1.62  1.43  1.84  1.73  1.47  1.91  1.95  1.99  2.40  2.36  1.91  2.10  2.17  2.03  2.51  2.25  2.36  2.92  2.66  2.70  3.18  2.88  2.47  2.88  3.03  2.92  3.59  4.03  3.81  3.44  4.03  4.74  3.66  4.70  5.23  5.71  4.59  5.60  5.75  6.38  7.12  6.57  7.61  6.60  4.97  3.51  
        0.72  0.80  0.98  0.91  0.91  1.10  1.10  1.21  1.21  1.47  1.32  1.39  1.54  1.84  1.77  2.10  2.03  2.06  2.43  1.69  1.84  2.14  2.40  2.51  2.25  2.47  2.84  2.36  3.14  2.81  2.73  3.55  3.03  3.07  3.40  3.18  3.40  3.92  3.66  3.74  4.03  3.63  4.30  4.26  4.63  4.93  5.15  5.75  4.67  4.93  5.15  5.86  6.60  6.71  6.94  7.87  7.20  7.05  7.12  4.85  3.55  
          0.65  0.69  0.83  0.95  1.10  1.24  1.10  1.36  1.54  1.47  1.47  1.47  1.32  1.84  1.91  2.14  2.14  2.14  2.47  2.03  2.92  2.62  2.55  2.70  2.62  2.70  2.84  2.81  2.81  3.48  3.37  3.25  3.81  3.77  3.89  4.67  3.77  4.30  4.11  3.85  4.37  5.23  4.33  5.75  5.15  5.45  6.38  6.01  6.23  7.24  6.90  7.01  6.01  6.64  7.94  7.05  6.94  7.05  5.82  5.52  2.84  
            0.76  0.76  1.10  1.13  1.10  1.32  1.80  1.80  1.77  1.39  1.95  1.95  1.88  2.21  2.40  2.70  2.55  2.73  2.77  2.40  3.07  3.03  2.88  3.40  3.10  3.48  3.92  3.07  3.29  3.40  4.59  3.70  4.67  3.77  4.03  4.67  3.92  4.97  4.03  5.00  4.33  5.26  5.52  6.04  5.26  5.49  7.16  6.86  7.64  6.42  6.90  7.20  8.46  6.83  7.12  8.69  7.31  7.38  5.78  4.59  2.92  
              0.69  0.83  1.21  1.28  1.47  1.43  1.65  1.54  1.95  1.50  1.99  2.36  2.62  2.70  2.51  2.66  2.70  2.66  2.77  3.18  3.33  3.18  3.40  3.77  3.33  3.74  3.96  3.63  4.11  3.51  4.67  4.03  4.30  4.22  4.89  4.56  4.44  5.08  5.11  5.52  5.75  6.19  5.37  5.45  6.45  6.90  7.31  6.01  8.61  8.31  7.61  7.76  7.12  8.54  8.24  7.42  7.79  6.12  5.86  4.07  2.84  
                0.54  1.17  1.32  1.28  1.54  1.17  1.47  1.77  2.17  2.06  2.10  2.06  2.29  2.21  2.55  2.84  2.81  3.03  3.29  3.33  2.88  3.48  3.51  3.59  3.81  3.66  4.03  4.33  4.15  4.70  4.70  4.59  5.11  5.60  4.67  4.97  5.52  6.16  5.71  5.82  6.23  6.16  6.34  5.82  7.38  7.12  7.05  8.02  8.09  7.61  8.24  8.39  8.31  8.02  8.84  7.16  7.38  6.23  5.15  4.41  2.51  
                  0.72  0.87  1.58  1.50  1.54  1.54  1.65  2.06  2.21  2.10  2.17  2.77  3.25  2.55  2.96  2.92  3.10  3.14  3.10  3.29  3.85  3.70  4.00  3.63  4.70  5.34  3.89  4.44  4.30  4.74  4.67  5.45  5.08  5.86  6.12  6.01  5.67  5.97  5.23  6.75  6.45  6.49  7.16  7.90  7.72  7.98  8.20  7.94  8.28  8.98  8.43  8.69  8.35  7.31  7.09  7.35  6.34  5.41  5.00  3.96  2.73  
                    0.83  0.91  1.54  1.32  1.21  1.91  2.14  2.06  2.51  2.17  2.14  2.40  3.22  3.25  3.03  3.03  3.29  3.51  4.41  4.11  3.77  4.30  3.89  4.30  4.11  4.70  5.15  4.67  5.08  5.00  5.49  5.34  6.27  5.82  6.49  5.90  5.37  5.82  7.09  6.94  7.12  7.27  7.94  7.87  7.72  7.90  9.02  8.02  9.24  8.46  8.65  8.76  8.46  8.05  7.61  6.75  6.83  5.82  5.75  3.74  2.14  
                      0.95  1.06  1.32  1.54  1.88  2.32  1.69  2.10  2.06  2.25  2.77  3.25  3.44  3.51  2.99  3.51  4.15  3.89  4.63  3.70  4.52  4.67  4.63  4.00  4.52  4.93  6.16  5.30  6.23  5.34  5.90  6.12  6.45  6.42  7.68  6.38  7.83  7.87  7.38  8.02  7.53  7.50  7.50  9.02  8.65  8.28  7.50  7.87  8.69  8.35  8.61  7.83  8.39  8.17  7.98  7.09  6.57  5.86  5.30  3.96  2.51  
                        0.83  1.02  1.21  1.73  2.25  1.95  1.99  2.29  2.62  3.03  2.99  4.41  3.25  3.70  3.70  3.74  4.41  3.59  4.89  5.26  4.52  4.70  4.67  5.30  5.30  4.78  5.71  5.63  6.08  6.45  6.94  6.08  6.19  7.24  6.83  7.35  7.50  6.71  8.13  7.61  8.54  9.06  8.31  8.39  8.98  9.65  9.13  9.02  9.47  9.21  9.10  8.98  8.09  7.53  7.53  6.38  6.27  5.37  4.89  3.22  2.47  
                          0.91  1.06  1.73  2.14  2.25  2.03  2.40  2.70  2.81  2.58  3.33  3.33  3.07  3.81  4.18  4.11  4.93  4.63  4.97  5.19  4.78  5.45  5.52  5.30  5.75  5.49  5.45  6.49  5.93  6.45  7.38  6.12  7.53  6.75  6.23  7.53  7.61  8.57  7.57  9.17  7.94  8.43  9.28  9.06  9.43  8.98  9.13  8.69  9.73  9.17  9.54  8.20  8.65  8.46  6.97  6.75  5.56  5.49  4.41  4.15  2.10  
                            1.10  1.21  1.43  1.99  2.40  2.21  3.03  2.99  3.25  2.96  3.22  3.89  4.18  3.14  4.26  4.48  4.97  4.67  5.04  5.52  4.78  5.41  5.49  6.53  6.19  6.71  5.82  6.04  6.86  6.34  6.90  7.64  6.75  8.35  7.61  6.97  8.50  9.47  9.32  8.46  9.24  8.09  9.77  9.54  8.98  9.36  8.87  9.65  9.13  9.10  7.87  9.88  7.64  6.90  6.53  6.57  7.16  5.56  4.07  3.70  2.17  
                              1.17  1.24  1.80  2.10  2.25  2.17  2.73  3.29  2.88  4.18  3.55  3.70  4.37  4.15  4.56  3.77  4.03  4.85  5.37  5.63  6.12  5.00  6.04  6.60  6.83  7.24  7.31  8.24  6.79  7.27  7.50  6.79  8.28  7.90  9.10  8.72  8.02  9.80  8.65  9.10  8.76  9.13  9.62  9.28  8.95  10.17  9.80  8.91  8.98  8.95  7.57  7.79  6.97  7.31  7.20  6.27  6.01  4.67  4.48  2.96  2.03  
                                0.95  1.36  1.62  2.14  2.36  2.73  3.48  3.74  3.29  2.58  3.59  3.89  4.48  3.37  4.78  4.74  4.85  6.16  5.34  6.42  6.53  6.90  6.01  6.83  6.34  6.83  6.30  7.68  7.05  8.98  8.20  8.28  7.76  7.87  9.17  8.76  9.28  8.31  8.84  8.80  8.50  9.95  9.54  8.84  8.72  10.25  8.69  8.87  9.06  8.31  8.46  7.98  8.02  6.49  6.45  5.97  5.97  5.71  4.11  3.03  2.17  
                                  0.98  1.21  1.58  2.14  2.32  2.92  2.73  3.51  3.77  4.03  3.96  4.41  5.30  3.92  4.56  4.78  5.52  5.52  5.86  6.23  6.83  5.71  6.94  7.27  7.61  7.09  7.68  7.57  8.72  7.94  7.79  8.84  8.84  9.24  8.05  9.47  8.69  10.10  9.80  9.88  9.39  8.72  9.47  8.31  10.81  8.84  9.91  9.69  8.39  8.87  8.24  8.43  8.91  7.61  7.27  7.01  5.19  4.89  4.22  3.25  2.10  
                                    1.06  1.54  2.14  2.47  2.40  2.55  3.18  3.92  3.55  4.44  4.41  3.63  5.49  4.74  5.11  5.34  5.45  5.93  6.42  5.86  6.23  6.04  7.01  7.98  6.79  7.09  7.05  8.39  7.87  7.94  8.39  8.61  9.13  9.06  9.91  9.88  8.84  9.50  9.28  10.84  9.36  10.03  9.88  8.09  9.65  9.91  10.06  9.17  8.57  8.84  8.50  7.94  7.83  7.76  6.23  6.53  4.44  5.45  3.81  3.18  1.91  
                                      1.24  1.54  1.91  2.29  2.58  3.22  3.22  3.51  3.48  4.26  4.37  4.82  5.15  4.89  4.56  4.74  6.57  6.71  6.83  7.27  6.90  7.09  7.24  6.86  7.68  8.69  7.35  8.35  8.17  9.43  8.24  9.21  9.39  9.21  9.88  9.84  10.03  9.91  9.54  9.47  9.84  10.58  10.21  9.21  9.88  9.73  8.43  8.80  9.69  8.72  9.13  8.17  7.09  5.97  6.45  5.78  4.93  4.44  4.22  2.70  1.91  
                                        1.36  1.80  2.06  2.47  2.32  3.10  3.40  3.74  3.44  4.22  4.70  3.89  5.37  5.60  5.52  4.78  5.71  6.53  6.68  6.27  6.16  7.53  7.46  7.98  8.39  7.53  8.76  8.13  9.06  9.21  8.91  9.91  9.50  8.02  9.54  9.69  8.84  9.58  9.65  9.36  8.91  10.36  9.17  9.95  11.22  9.88  9.69  8.95  8.91  8.31  7.94  7.76  7.53  7.35  7.68  5.56  4.67  5.26  4.59  3.25  1.69  
                                          1.10  1.77  1.62  1.88  2.84  3.40  3.25  3.63  4.56  4.63  4.59  5.45  5.00  5.34  5.60  6.12  6.23  5.45  6.68  7.79  6.75  7.31  7.20  7.98  9.24  8.13  8.69  8.84  9.50  7.90  8.46  9.54  8.69  9.54  9.80  9.99  9.02  9.24  9.80  9.73  9.24  9.73  10.06  9.69  10.58  9.32  8.69  9.50  8.24  8.39  9.13  8.39  7.09  7.20  6.83  5.49  5.37  4.78  3.51  3.59  2.21  
                                            1.17  1.50  2.25  3.07  3.33  2.51  3.81  4.11  4.33  4.26  4.03  5.15  5.90  6.68  6.30  5.82  6.38  7.05  7.16  7.42  7.98  7.38  8.39  7.01  8.98  9.06  9.39  8.91  9.62  9.24  9.17  9.47  8.46  8.95  11.03  10.81  9.73  10.47  9.13  11.44  9.95  10.06  10.29  10.70  8.80  9.17  9.73  8.43  8.72  8.31  7.87  8.28  7.16  6.83  7.01  5.30  4.85  4.18  3.48  2.58  1.73  
                                              1.21  2.32  2.66  3.10  3.40  3.51  4.07  4.52  4.37  4.82  5.23  5.34  5.97  6.34  6.53  6.68  6.42  7.16  6.42  7.72  8.46  8.02  8.20  8.65  8.98  9.62  9.39  9.17  11.29  9.24  9.54  9.65  9.06  9.02  9.06  9.10  10.32  9.73  9.73  9.13  9.39  10.70  9.84  9.06  9.24  8.95  9.43  7.90  7.98  7.50  7.76  7.12  6.16  6.57  6.53  5.00  4.82  4.52  3.66  2.58  1.88  
                                                1.39  1.77  2.88  2.66  3.10  3.85  4.22  4.30  4.59  5.49  5.15  6.71  5.34  6.04  6.75  6.19  7.68  7.42  7.27  7.79  7.83  7.68  8.46  9.13  8.61  8.69  7.98  10.10  9.62  9.24  10.06  10.40  9.47  9.21  9.10  9.95  9.10  9.73  10.96  10.81  10.96  10.06  9.99  9.69  8.91  8.72  9.13  8.72  8.57  6.64  8.87  7.76  6.64  5.86  5.82  5.90  5.04  4.15  3.25  2.66  1.62  
                                                  1.36  1.99  2.32  3.03  3.03  3.85  4.15  5.49  5.78  5.37  5.37  6.16  6.60  5.63  7.16  7.50  7.53  8.57  7.68  7.90  8.95  7.94  8.84  9.84  9.50  8.98  9.13  9.50  9.13  9.47  9.62  8.87  8.17  9.10  11.18  9.39  9.99  9.65  10.51  9.47  10.14  10.66  9.62  9.80  8.72  8.28  7.94  7.57  7.64  7.09  7.53  7.42  6.19  6.90  4.97  5.34  4.97  3.92  3.63  2.66  1.65  
                                                    1.36  2.10  2.43  2.84  3.77  4.59  4.85  4.26  5.26  5.52  6.12  6.75  7.01  6.08  6.94  6.64  7.27  8.02  8.28  8.31  8.02  9.54  8.95  10.21  7.98  9.02  9.21  9.99  9.88  10.58  10.03  9.62  9.84  10.36  10.66  10.32  10.96  9.77  9.36  9.10  8.80  9.17  9.84  9.99  8.72  9.39  7.79  7.27  9.32  7.01  7.24  7.16  6.97  7.12  5.37  5.08  4.70  3.85  3.63  2.43  1.91  
                                                      1.32  1.77  2.96  2.88  3.92  4.00  4.30  4.59  5.00  5.56  5.45  6.57  5.93  7.09  6.86  7.76  7.42  8.61  8.02  8.57  8.35  8.76  9.58  9.54  9.88  9.58  9.84  9.32  9.95  8.84  10.21  10.47  9.54  9.62  11.25  9.69  10.25  8.80  9.28  9.69  10.14  8.98  8.80  9.36  8.72  7.53  8.69  8.09  8.69  7.98  6.97  7.12  5.93  5.56  5.67  4.82  4.18  3.66  3.25  2.29  1.62  
                                                        1.43  1.91  2.70  2.96  4.22  4.07  5.08  5.82  5.37  6.08  5.75  6.08  6.90  7.05  7.24  8.09  7.76  7.68  8.95  9.36  9.06  9.62  9.77  9.28  9.95  9.88  9.73  10.03  9.39  10.03  9.39  9.47  10.29  9.73  10.55  10.58  9.36  10.77  9.43  10.29  10.21  8.65  10.66  8.84  8.54  8.28  8.69  8.13  8.02  7.12  6.45  6.23  6.23  4.93  5.45  4.97  4.82  3.81  3.81  1.99  1.62  
                                                          1.54  2.03  2.70  3.70  4.00  4.33  4.52  5.63  5.19  4.97  6.42  6.64  7.09  7.61  8.17  7.90  8.28  7.98  8.31  8.02  9.24  10.14  8.98  10.25  9.99  9.88  9.50  9.91  11.18  9.39  10.58  10.77  10.10  10.10  9.62  10.03  11.37  8.54  9.50  9.32  8.24  9.32  9.10  9.47  8.84  8.35  8.65  8.09  6.57  6.68  6.86  5.97  5.82  5.71  4.89  3.77  3.81  3.66  3.14  2.36  1.62  
                                                            1.65  2.51  2.99  3.59  3.77  3.92  4.63  4.85  5.00  5.75  6.23  6.45  8.02  7.53  7.46  8.31  7.94  8.57  8.05  8.98  8.50  9.65  10.62  9.73  9.99  11.33  10.10  9.73  9.43  9.77  10.51  10.66  10.51  10.10  9.95  9.77  10.10  9.17  10.40  10.14  9.02  10.10  8.54  9.43  8.76  8.98  8.61  7.72  7.12  6.16  5.63  6.97  5.45  5.63  5.26  4.15  3.96  3.48  2.99  2.81  1.24  
                                                              1.43  2.47  2.55  3.74  4.11  5.15  4.89  5.11  5.78  5.52  6.27  7.09  6.97  6.83  8.39  8.46  9.28  8.54  7.87  8.91  8.69  9.54  10.21  9.24  10.06  9.65  10.29  10.29  10.25  9.73  10.10  9.65  10.81  9.95  10.73  9.43  10.55  9.54  8.28  9.28  8.91  8.95  8.95  8.09  8.28  8.84  7.27  7.16  6.64  6.23  6.38  6.19  5.78  4.37  4.67  4.03  4.18  3.33  3.07  2.14  1.54  
                                                                1.32  2.58  3.25  4.22  4.67  4.26  5.71  5.78  6.97  6.83  7.01  7.16  8.35  7.27  7.98  9.06  8.13  9.77  8.91  9.13  9.58  9.54  10.32  8.95  11.10  10.14  10.10  10.25  11.55  10.62  10.62  9.84  10.03  9.21  9.80  9.43  9.43  8.98  9.39  8.43  8.72  8.72  8.02  9.95  8.17  7.64  7.42  7.61  7.35  6.45  7.24  5.78  5.04  5.11  5.23  4.41  3.44  2.81  3.40  2.40  1.80  
                                                                  1.77  2.51  3.55  4.30  4.59  5.30  5.41  5.56  6.16  6.49  6.53  7.98  8.02  7.50  8.50  9.58  9.65  9.36  9.88  9.06  8.43  8.87  9.62  10.58  10.81  10.14  8.80  11.74  9.99  9.62  10.17  10.36  11.29  9.99  10.32  9.21  9.47  9.43  8.91  9.36  8.87  8.39  6.97  7.83  7.79  7.50  7.05  7.16  7.87  6.19  6.49  5.56  5.93  5.15  4.18  3.92  2.99  3.07  2.70  2.55  1.32  
                                                                    1.91  2.62  3.10  4.26  4.30  5.52  5.75  6.45  5.67  6.86  6.86  7.79  7.27  7.90  9.39  8.17  9.06  8.69  9.47  8.24  9.32  9.91  10.44  9.69  8.39  10.88  10.47  12.04  9.24  9.80  9.91  9.39  9.06  9.80  9.24  9.88  10.21  8.50  8.95  8.46  8.39  7.90  7.35  7.35  7.83  7.35  6.94  6.53  5.30  5.67  5.34  5.19  4.30  5.23  4.26  4.70  3.25  3.07  2.29  1.88  1.28  
                                                                      1.80  2.43  3.37  3.44  4.89  5.52  6.27  6.23  6.97  6.68  8.35  7.12  8.35  8.35  8.61  8.65  9.36  8.80  8.76  9.84  9.95  9.54  10.21  9.47  10.14  10.03  9.84  10.77  10.36  9.91  10.40  10.17  9.47  10.06  9.54  8.17  8.91  8.65  8.98  8.72  7.94  7.98  7.53  7.16  7.31  6.68  6.34  7.09  6.23  6.04  5.37  5.19  4.85  4.26  4.97  3.22  3.66  3.51  2.88  1.95  1.43  
                                                                        1.62  2.92  3.44  3.85  4.82  5.60  6.45  6.38  6.68  6.45  6.19  7.42  8.24  8.91  8.69  8.69  8.95  8.91  9.06  10.77  9.39  9.69  10.14  11.07  10.77  9.77  10.29  9.17  10.10  9.58  9.91  10.70  9.39  9.32  9.32  8.46  8.72  8.72  8.17  8.50  8.31  8.39  7.42  7.35  7.27  6.64  7.01  5.63  6.45  5.49  5.23  4.97  4.37  4.26  3.44  3.74  3.37  3.10  2.03  1.91  1.47  
                                                                          2.10  2.58  3.59  4.15  5.19  5.52  6.64  6.01  7.57  7.76  7.27  7.72  8.39  8.72  8.39  8.87  9.77  10.96  9.24  10.96  9.91  10.55  10.29  9.88  10.29  9.73  10.70  10.47  10.06  9.50  9.77  9.47  9.43  8.95  8.65  8.84  8.91  8.72  8.43  7.46  7.72  6.97  7.46  6.68  7.05  6.23  7.05  6.16  6.01  6.27  4.89  4.82  4.59  4.11  3.89  3.66  2.92  2.40  2.55  1.77  1.28  
                                                                            2.29  2.99  3.96  4.11  4.67  5.30  5.93  5.52  7.01  7.94  7.35  8.43  7.90  9.50  9.32  8.87  9.54  10.14  9.84  10.21  10.10  9.58  9.62  10.88  10.77  10.36  8.72  10.29  8.80  8.84  9.50  9.80  9.73  8.95  7.94  7.98  9.17  9.21  8.02  7.46  7.20  7.87  7.05  7.01  7.31  6.30  6.27  6.23  5.19  4.97  5.04  4.33  4.56  4.67  4.22  3.25  2.77  2.70  2.62  1.47  1.10  
                                                                              2.06  3.14  3.89  4.48  4.82  5.15  6.49  7.98  6.94  7.20  7.42  7.90  9.58  9.50  9.95  9.47  9.39  8.91  9.91  10.21  9.69  10.21  9.13  9.06  8.50  9.84  9.65  9.32  9.36  9.28  8.80  8.84  7.38  8.65  8.09  8.35  8.43  7.35  8.28  7.68  7.46  7.01  7.57  6.38  5.45  6.57  5.56  6.49  5.08  6.08  4.18  5.00  4.22  4.07  3.14  2.96  2.70  3.44  2.29  1.65  1.50  
                                                                                1.84  3.44  4.63  4.74  5.00  6.34  6.94  6.34  7.72  7.20  8.28  8.05  8.95  9.21  9.65  8.84  9.28  9.02  9.91  11.29  10.06  9.95  9.65  10.17  8.65  9.39  10.17  8.31  9.54  9.65  9.10  9.17  8.91  8.91  8.17  7.83  7.79  8.43  7.35  6.38  7.12  6.90  7.38  7.05  6.34  5.97  5.63  5.26  5.34  4.74  4.33  4.48  4.11  3.63  3.10  3.10  2.70  2.51  1.99  1.58  1.17  
                                                                                  2.03  3.25  3.55  4.59  5.75  6.04  6.23  7.35  8.24  7.20  7.76  8.35  8.98  9.28  8.98  9.77  9.54  10.14  10.40  9.77  9.95  10.21  10.36  8.80  9.65  8.46  10.73  9.10  9.06  7.61  8.43  8.61  8.98  7.90  7.27  8.84  7.27  7.53  7.46  6.94  6.97  6.19  5.63  5.78  5.52  5.82  4.85  5.23  4.26  4.97  5.15  4.33  3.51  3.40  3.03  2.47  2.62  2.21  1.95  1.47  1.10  
                                                                                    1.91  2.88  3.70  5.23  5.41  6.79  6.79  7.31  7.61  9.21  7.72  9.58  9.95  8.76  9.32  9.65  10.10  10.62  10.44  9.43  10.36  9.84  9.88  9.21  9.21  8.65  8.05  9.32  8.57  9.54  8.54  7.94  8.54  7.42  8.69  8.28  7.50  7.42  6.75  7.05  6.16  6.30  5.90  5.30  5.30  5.63  5.11  4.67  4.56  3.77  4.00  3.70  3.40  3.07  2.99  2.73  2.47  1.99  1.91  1.58  1.21  
                                                                                      2.14  3.59  4.30  4.15  5.08  5.93  6.64  7.35  7.27  8.50  7.94  8.50  9.43  10.44  9.58  9.69  9.80  9.21  9.28  8.72  9.17  8.43  10.70  10.06  9.43  9.32  8.65  9.43  8.09  8.50  8.54  7.20  8.20  7.24  6.53  6.83  8.39  6.86  7.12  5.71  6.23  5.63  5.97  6.34  5.52  5.26  4.30  5.11  4.74  3.89  4.07  3.96  3.03  3.14  3.14  2.32  1.73  2.06  2.17  1.80  0.91  
                                                                                        2.32  3.59  4.74  4.37  5.63  6.23  6.53  7.46  7.83  8.98  8.20  9.50  9.43  9.50  8.76  9.39  10.55  9.99  9.91  10.58  8.76  8.95  8.80  8.76  9.65  9.02  8.98  8.17  7.87  7.83  7.61  6.38  7.20  6.75  7.83  6.83  7.57  6.49  6.04  6.27  5.45  5.93  4.67  4.56  5.86  5.00  4.70  4.74  3.77  4.82  3.29  3.55  3.40  3.03  3.10  2.58  2.32  2.25  1.58  1.21  1.06  
                                                                                          2.29  3.48  4.00  5.60  6.12  7.01  7.53  8.24  8.17  8.95  9.24  8.65  9.17  9.28  8.54  9.65  8.69  9.13  9.84  9.06  9.02  8.17  8.02  8.54  8.91  6.64  8.02  7.35  7.90  7.57  6.97  7.53  7.90  6.27  5.71  7.46  6.94  6.53  6.04  5.78  5.60  4.97  6.30  5.11  4.97  4.44  4.44  4.44  3.96  4.11  3.48  3.59  3.14  3.14  2.92  1.95  2.25  1.69  1.58  1.47  1.10  
                                                                                            2.99  3.44  4.70  5.52  5.78  7.38  6.57  8.35  8.31  9.62  9.02  8.80  9.28  9.50  9.47  9.36  8.91  9.17  9.06  8.80  8.84  8.31  9.06  8.76  8.72  7.90  7.98  7.94  7.42  7.64  7.12  7.68  6.79  5.78  6.01  6.94  5.11  6.19  5.78  6.27  5.93  5.19  4.33  5.00  4.56  4.85  4.00  4.00  4.26  3.40  3.66  3.07  3.22  2.88  2.51  2.47  2.40  1.73  1.54  1.91  0.76  
                                                                                              2.58  3.48  3.96  6.94  5.71  7.09  7.90  7.87  7.90  8.50  8.46  10.17  9.32  9.13  8.61  9.06  9.06  8.17  9.39  7.64  7.76  8.31  7.38  7.90  7.50  8.09  6.94  7.12  6.30  8.31  5.97  7.20  6.08  5.49  6.19  5.75  6.08  4.74  5.41  4.85  5.19  3.92  4.67  4.18  3.92  4.33  3.66  3.85  3.40  3.48  3.29  3.10  3.22  2.73  2.43  2.21  1.99  1.62  1.77  1.43  0.83  
                                                                                                2.14  3.70  5.52  5.67  6.83  7.09  8.02  6.83  8.54  8.87  9.13  8.91  9.54  9.02  9.06  7.64  8.95  9.17  8.76  7.64  8.05  7.16  8.43  7.57  8.17  7.16  7.05  7.31  6.27  6.19  6.79  6.34  6.57  5.97  4.97  5.00  4.97  5.82  4.37  4.44  4.82  4.52  4.15  3.77  4.30  4.18  4.00  3.77  3.25  3.48  3.10  3.22  2.43  2.92  2.32  2.14  1.99  1.62  1.13  1.36  0.65  
                                                                                                  2.17  3.89  5.30  4.74  6.79  7.68  7.53  8.61  8.61  9.17  8.65  9.43  9.24  8.87  8.57  8.28  8.02  7.35  7.57  7.27  8.31  7.68  7.31  7.01  7.68  6.60  6.86  6.71  5.63  6.49  6.64  6.38  6.79  5.45  5.23  4.85  5.45  5.00  4.37  4.74  4.85  4.44  3.07  4.00  4.07  3.74  3.59  2.92  2.77  3.48  2.70  3.33  3.22  2.32  1.95  1.91  1.54  1.28  1.32  0.72  0.76  
                                                                                                    2.88  4.30  4.85  5.34  7.61  7.31  8.28  9.50  8.20  10.03  8.54  8.31  8.17  8.43  7.72  7.12  6.27  7.27  8.31  7.27  7.20  7.01  5.97  7.31  6.75  5.52  5.63  6.01  6.16  6.08  4.63  4.89  4.70  4.63  4.67  4.52  4.82  4.44  3.92  4.82  4.67  4.22  3.33  3.55  3.22  3.10  2.88  2.36  3.18  2.32  2.32  2.73  2.10  1.77  2.40  1.73  1.91  1.62  1.50  0.87  0.80  
                                                                                                      2.51  3.81  5.08  6.04  7.09  7.31  7.90  7.64  8.31  8.05  8.87  7.76  8.39  9.39  7.31  8.57  6.30  7.83  8.69  6.97  7.05  5.56  6.08  6.16  5.97  5.86  4.97  4.97  5.52  5.08  6.34  5.41  4.97  4.48  4.37  3.96  3.74  4.70  3.51  4.82  3.14  3.96  3.89  3.29  3.85  3.25  3.03  2.62  2.40  2.88  2.70  2.40  1.91  2.36  2.10  1.99  2.06  1.50  1.32  1.10  0.65  
                                                                                                        2.66  4.26  5.63  6.16  6.42  7.46  7.31  8.69  8.24  8.24  7.35  8.72  7.90  8.35  7.68  7.83  6.49  6.30  6.38  6.68  6.01  6.34  5.34  5.00  5.37  5.60  4.74  5.26  5.67  4.37  4.85  4.33  5.00  4.00  3.22  4.11  4.48  3.70  4.22  3.81  4.00  2.92  3.37  3.25  2.84  2.84  3.18  2.81  2.51  2.10  2.40  1.88  2.06  1.58  1.65  1.69  1.32  1.36  0.95  0.95  1.02  
                                                                                                          2.40  4.52  5.90  6.64  8.28  7.35  9.36  8.98  7.76  8.17  7.27  7.72  7.72  8.17  6.75  7.42  6.38  6.68  6.49  6.04  5.71  5.75  4.97  4.18  5.67  4.74  4.59  4.82  4.67  4.56  4.44  4.63  3.51  4.00  4.03  3.81  4.22  3.59  3.10  2.92  2.84  3.33  3.22  2.96  2.58  2.17  2.25  2.25  1.99  2.36  2.06  2.51  2.14  1.88  1.58  1.62  1.10  1.13  1.13  0.80  0.83  
                                                                                                            2.43  4.37  6.30  6.64  6.34  7.72  7.72  7.38  8.39  7.09  7.16  7.35  6.90  6.27  5.90  7.01  5.90  5.90  4.97  5.63  4.56  5.49  5.08  4.26  4.03  4.26  4.22  4.11  3.77  4.22  3.77  4.15  3.70  4.15  3.18  2.84  2.96  3.81  2.88  2.81  2.88  2.84  2.17  2.21  2.51  2.51  2.29  2.29  2.29  2.14  2.03  1.77  1.91  1.88  1.65  1.36  1.32  1.28  0.98  0.95  0.72  
                                                                                                              2.88  4.85  6.83  8.05  7.53  8.17  7.31  7.76  7.09  6.53  5.86  6.38  6.60  6.23  5.41  5.30  5.56  4.85  4.82  4.33  4.07  3.77  4.52  4.18  4.11  4.07  3.48  3.55  3.92  3.63  3.25  3.03  2.81  3.37  3.25  2.88  2.70  2.58  2.70  2.40  2.29  2.21  2.62  2.21  2.03  2.17  1.91  2.06  1.84  2.10  1.95  1.54  1.36  1.24  1.21  1.24  1.10  0.95  1.02  0.83  0.57  
                                                                                                                3.14  4.56  6.53  6.16  6.71  7.90  6.86  6.34  6.42  6.38  6.12  5.75  5.15  4.97  4.82  4.22  4.44  4.44  4.70  3.74  3.48  3.66  3.48  3.59  3.18  3.18  3.63  2.62  3.03  3.07  3.10  2.66  2.77  2.81  2.62  1.91  2.84  2.58  2.25  2.47  2.55  1.95  2.06  1.80  1.65  2.25  1.58  1.50  1.47  1.50  1.47  1.95  1.36  1.10  1.13  1.10  0.95  0.83  0.98  0.80  0.54  
                                                                                                                  3.92  5.82  7.12  6.97  6.04  6.04  7.24  5.71  5.11  5.15  5.86  5.30  4.59  4.70  4.59  3.85  4.00  2.92  2.92  2.73  2.92  3.14  2.99  3.77  3.14  2.77  2.70  2.73  2.43  2.84  2.73  2.43  1.99  2.29  1.84  2.29  2.10  1.95  2.43  1.77  1.95  1.95  1.88  1.43  1.80  1.47  1.80  1.43  1.69  1.28  1.06  1.17  1.13  1.13  1.13  1.02  0.83  0.87  0.95  0.76  0.57  
                                                                                                                    3.74  5.93  6.75  6.86  5.41  5.86  5.34  4.74  5.08  3.85  4.11  3.51  3.63  3.29  3.44  3.25  3.44  2.92  2.92  2.73  2.96  2.73  2.47  2.73  2.25  2.21  2.40  1.95  2.25  2.10  1.80  2.29  2.03  1.99  1.58  1.69  1.80  1.80  1.80  1.58  1.54  1.32  1.69  1.69  1.43  1.21  1.39  1.24  0.95  0.76  1.24  1.10  0.91  1.13  0.76  0.69  0.83  0.69  0.69  0.61  0.65  
                                                                                                                      5.49  6.94  5.97  4.63  5.30  4.26  4.18  3.63  3.77  2.66  2.77  2.77  2.73  2.36  2.51  2.62  2.32  2.03  1.99  2.06  1.88  1.84  1.91  1.32  2.25  2.03  1.77  1.39  1.50  1.39  1.58  1.13  1.88  1.73  1.69  1.36  1.39  1.10  1.24  1.06  1.28  1.06  1.10  1.36  1.10  1.02  0.80  0.98  1.13  0.95  0.91  0.95  0.69  0.83  0.69  0.65  0.69  0.61  0.69  0.61  0.57  
                                                                                                                        6.38  4.48  3.59  2.99  2.47  2.70  2.66  2.10  2.14  1.88  1.69  1.80  1.47  1.43  1.36  1.43  1.24  1.80  1.10  1.65  1.24  1.21  1.10  0.98  1.28  1.43  1.06  1.28  1.21  1.24  1.39  0.98  0.91  0.95  1.17  1.06  1.06  0.98  1.02  0.83  1.02  0.69  0.91  0.80  0.91  0.72  0.61  0.72  0.72  0.87  0.65  0.61  0.72  0.69  0.69  0.57  0.57  0.50  0.61  0.57  0.54  

0.502658 prob. sum
