0.504982 black win rate, 31x31 board  1000000 samples

8 14 26 33 49 59 74 70 87 111 129 121 130 153 160 176 192 232 232 213 222 270 269 271 300 347 327 349 406 467 659 
 17 48 55 67 99 102 111 136 157 145 197 219 236 247 273 311 332 329 371 373 402 412 465 446 455 509 572 650 691 710 456 
  28 49 62 92 102 129 176 178 191 228 263 282 313 357 379 420 426 433 477 507 550 525 588 636 590 674 760 758 725 660 356 
   19 68 80 111 137 165 200 235 269 288 311 350 395 373 430 471 518 563 592 614 647 718 707 760 753 754 791 763 725 527 301 
    38 73 115 133 152 201 223 272 301 353 383 431 465 521 525 549 613 578 679 696 704 747 766 798 804 781 763 798 665 473 247 
     39 77 149 152 181 243 270 331 369 402 444 459 542 557 561 636 738 697 753 750 791 798 874 937 866 903 796 709 590 436 205 
      42 92 138 180 236 280 309 385 443 434 503 508 578 602 657 709 752 811 805 852 837 884 866 949 884 843 833 710 544 362 201 
       62 103 152 194 220 301 336 435 445 476 543 574 662 657 714 719 799 860 840 930 914 928 903 862 796 804 703 618 485 304 184 
        57 111 160 232 281 291 331 398 498 564 552 652 713 713 786 822 860 899 939 916 916 901 916 928 844 815 680 599 440 307 156 
         57 117 208 227 312 357 369 493 518 572 615 681 764 791 808 871 929 910 949 956 960 933 913 881 810 782 616 557 409 306 157 
          75 150 210 263 300 391 450 504 588 660 655 765 834 825 840 879 909 861 971 979 960 956 937 853 795 712 621 479 345 260 138 
           74 158 223 256 355 439 502 487 634 726 685 786 835 837 918 960 979 953 1002 943 1001 937 913 836 812 689 574 492 337 241 141 
            87 167 231 281 375 436 498 592 657 752 781 819 905 944 915 963 996 1020 981 942 985 924 839 805 708 623 551 441 318 236 118 
             78 172 240 326 362 434 580 583 691 737 845 861 927 932 937 978 972 979 954 905 883 838 806 755 698 565 502 392 312 249 123 
              95 200 260 314 382 521 563 663 715 778 837 866 947 984 980 957 946 988 989 954 899 869 812 698 609 579 500 362 292 180 113 
               87 179 293 352 484 532 598 737 779 819 859 919 1002 955 1011 1007 1048 910 924 884 831 847 742 696 593 553 480 358 289 218 112 
                115 220 295 397 465 589 655 732 803 853 943 947 978 983 986 943 952 951 960 877 847 759 687 644 595 470 400 342 244 191 101 
                 107 221 327 410 523 563 677 771 854 869 910 960 899 963 984 1032 919 958 897 827 823 759 682 621 581 467 383 316 247 164 99 
                  133 231 306 454 494 652 718 767 827 800 879 1005 1067 979 985 941 913 940 841 805 758 724 627 605 518 451 347 313 221 149 95 
                   121 298 348 475 567 670 733 825 845 931 935 1035 975 1001 937 914 870 879 794 831 776 695 577 550 488 395 319 260 211 154 87 
                    171 249 399 477 648 741 789 870 935 879 962 905 931 920 932 925 868 889 771 764 681 617 577 517 460 354 340 252 173 142 80 
                     160 287 420 550 630 747 823 892 891 944 969 898 934 903 872 820 793 791 758 671 640 603 548 464 398 359 297 243 180 128 54 
                      180 297 435 579 636 781 818 913 919 994 917 892 880 892 806 799 771 720 730 617 597 567 475 437 374 334 275 215 164 114 77 
                       196 379 494 614 709 822 899 945 919 878 934 833 815 843 785 766 696 669 631 616 520 515 417 389 327 302 241 205 167 101 61 
                        195 366 545 687 817 876 891 889 856 876 901 864 813 747 736 705 681 619 598 568 522 425 371 344 325 227 248 169 118 100 47 
                         228 390 604 725 882 856 875 864 855 818 821 778 717 681 672 609 586 582 505 443 414 417 385 312 261 237 177 144 112 73 44 
                          274 477 650 834 837 825 830 794 804 756 694 741 687 606 619 517 516 510 467 386 359 334 308 292 226 199 177 119 103 64 37 
                           320 548 689 762 835 790 808 748 682 703 612 581 565 555 479 475 487 419 379 364 371 271 263 217 228 165 150 111 88 55 28 
                            322 615 742 799 671 667 633 593 600 553 530 491 492 427 417 389 389 342 335 306 270 232 207 180 159 117 99 80 60 46 23 
                             464 713 719 601 581 531 473 473 463 467 420 378 368 359 334 319 258 267 249 204 188 186 167 158 108 96 81 64 43 50 12 
                              700 479 426 353 357 343 287 277 271 213 224 236 224 189 198 184 175 152 132 129 126 103 111 85 65 66 49 42 37 23 4 
452.514888 avg black moves (among black wins)

0 0 0 0 0 0 0 0 0 0 0 0 0 0 0 0 0 0 0 0 0 0 0 0 0 0 0 0 0 0 0 
 0 0 0 0 0 0 0 0 0 0 0 0 0 0 0 0 0 0 0 0 0 0 0 0 0 0 0 0 0 0 0 
  0 0 0 0 0 0 0 0 0 0 0 0 0 0 0 0 0 0 0 0 0 0 0 0 0 0 0 0 0 0 0 
   0 0 0 0 0 0 0 0 0 0 0 0 0 0 0 0 0 0 0 0 0 0 0 0 0 0 0 0 0 0 0 
    0 0 0 0 0 0 0 0 0 0 0 0 0 0 0 0 0 0 0 0 0 0 0 0 0 0 0 0 0 0 0 
     0 0 0 0 0 0 0 0 0 0 0 0 0 0 0 0 0 0 0 0 0 0 0 0 0 0 0 0 0 0 0 
      0 0 0 0 0 0 0 0 0 0 0 0 0 0 0 0 0 0 0 0 0 0 0 0 0 0 0 0 0 0 0 
       0 0 0 0 0 0 0 0 0 0 0 0 0 0 0 0 0 0 0 0 0 0 0 0 0 0 0 0 0 0 0 
        0 0 0 0 0 0 0 0 0 0 0 0 0 0 0 0 0 0 0 0 0 0 0 0 0 0 0 0 0 0 0 
         0 0 0 0 0 0 0 0 0 0 0 0 0 0 0 0 1 0 0 0 1 0 0 1 0 1 1 1 0 1 0 
          1 0 0 0 0 1 1 0 1 2 1 2 3 2 3 3 5 4 3 7 4 3 4 7 10 6 7 9 8 15 13 
           9 12 21 22 15 20 25 30 19 25 29 32 32 40 37 46 43 60 63 62 66 75 62 73 74 109 106 106 119 141 164 
            144 159 178 168 203 202 227 258 278 273 268 323 379 331 379 431 446 456 487 533 593 570 614 674 704 829 794 896 890 1018 997 
             1125 1108 1160 1325 1381 1454 1530 1577 1615 1741 1857 1894 2105 2180 2188 2316 2441 2553 2788 2809 2925 3101 3135 3399 3517 3769 3676 3889 4064 4229 4474 
              4532 4777 5007 4996 5236 5406 5571 5710 6041 6179 6437 6608 6849 7018 7083 7295 7803 7673 7942 7934 8419 8388 8666 8788 9003 9216 9424 9581 9650 9986 10080 
               10034 10215 10271 10341 10556 10628 10911 10799 10787 11071 10958 10943 11292 11082 11326 11419 11155 0 0 0 0 0 0 0 0 0 0 0 0 0 0 
                0 0 0 0 0 0 0 0 0 0 0 0 0 0 0 0 0 0 0 0 0 0 0 0 0 0 0 0 0 0 0 
                 0 0 0 0 0 0 0 0 0 0 0 0 0 0 0 0 0 0 0 0 0 0 0 0 0 0 0 0 0 0 0 
                  0 0 0 0 0 0 0 0 0 0 0 0 0 0 0 0 0 0 0 0 0 0 0 0 0 0 0 0 0 0 0 
                   0 0 0 0 0 0 0 0 0 0 0 0 0 0 0 0 0 0 0 0 0 0 0 0 0 0 0 0 0 0 0 
                    0 0 0 0 0 0 0 0 0 0 0 0 0 0 0 0 0 0 0 0 0 0 0 0 0 0 0 0 0 0 0 
                     0 0 0 0 0 0 0 0 0 0 0 0 0 0 0 0 0 0 0 0 0 0 0 0 0 0 0 0 0 0 0 
                      0 0 0 0 0 0 0 0 0 0 0 0 0 0 0 0 0 0 0 0 0 0 0 0 0 0 0 0 0 0 0 
                       0 0 0 0 0 0 0 0 0 0 0 0 0 0 0 0 0 0 0 0 0 0 0 0 0 0 0 0 0 0 0 
                        0 0 0 0 0 0 0 0 0 0 0 0 0 0 0 0 0 0 0 0 0 0 0 0 0 0 0 0 0 0 0 
                         0 0 0 0 0 0 0 0 0 0 0 0 0 0 0 0 0 0 0 0 0 0 0 0 0 0 0 0 0 0 0 
                          0 0 0 0 0 0 0 0 0 0 0 0 0 0 0 0 0 0 0 0 0 0 0 0 0 0 0 0 0 0 0 
                           0 0 0 0 0 0 0 0 0 0 0 0 0 0 0 0 0 0 0 0 0 0 0 0 0 0 0 0 0 0 0 
                            0 0 0 0 0 0 0 0 0 0 0 0 0 0 0 0 0 0 0 0 0 0 0 0 0 0 0 0 0 0 0 
                             0 0 0 0 0 0 0 0 0 0 0 0 0 0 0 0 0 0 0 0 0 0 0 0 0 0 0 0 0 0 0 
                              0 0 0 0 0 0 0 0 0 0 0 0 0 0 0 0 0 0 0 0 0 0 0 0 0 0 0 0 0 0 0 

prob. cell in minimal winning black path
0.58  0.66  0.77  0.68  0.87  0.87  0.90  1.10  1.05  1.05  1.22  1.21  1.34  1.25  1.41  1.34  1.61  1.53  1.78  1.66  2.14  2.04  2.23  2.38  2.37  2.69  3.13  3.58  3.59  4.96  7.23  
  0.63  0.96  0.97  1.15  1.20  1.24  1.38  1.49  1.57  1.62  1.94  2.02  2.10  2.15  2.42  2.22  2.61  2.62  2.72  3.36  2.89  3.26  3.35  4.14  4.02  4.25  5.08  5.77  6.41  7.35  5.10  
    0.75  1.03  1.10  1.27  1.61  1.93  1.83  1.96  2.04  2.50  2.52  2.64  2.72  2.81  3.00  3.32  3.33  3.64  3.44  3.84  4.33  4.54  4.68  5.25  5.74  6.30  6.75  7.12  7.63  7.41  4.59  
      0.82  1.14  1.38  1.57  1.78  1.96  2.23  2.36  2.73  2.68  3.03  2.96  3.20  3.63  3.52  3.88  4.32  4.44  4.86  5.06  5.08  5.79  6.06  6.40  7.10  7.47  8.51  7.82  8.18  6.28  3.89  
        0.97  1.45  1.48  1.82  1.96  2.24  2.77  2.61  3.20  3.50  3.38  3.91  4.10  3.98  4.17  5.15  4.97  5.53  5.25  5.95  6.73  6.55  6.61  7.31  8.35  8.98  8.54  8.52  6.95  6.08  3.93  
          1.07  1.48  1.74  2.09  2.43  2.84  3.19  3.39  3.30  3.93  4.26  4.72  4.69  4.67  5.51  5.61  6.16  5.91  6.77  6.94  7.62  7.68  8.01  8.40  8.92  8.73  8.43  8.09  6.91  5.60  3.80  
            1.21  1.57  2.19  2.42  2.64  3.09  3.47  3.73  3.68  4.05  4.82  5.32  5.29  6.07  5.91  6.25  6.79  7.01  7.40  7.54  8.08  8.41  8.36  9.14  9.06  8.91  8.48  8.26  6.58  5.05  3.26  
              1.17  1.81  2.21  2.76  3.11  3.68  4.20  4.68  4.32  5.24  5.34  5.18  6.19  6.10  6.87  7.58  7.53  7.91  7.87  8.43  8.86  9.07  9.27  9.58  9.04  8.80  8.13  7.69  6.20  5.05  3.16  
                1.34  2.01  2.34  3.09  3.39  4.05  4.76  4.78  5.29  5.48  6.15  6.59  6.81  7.14  7.37  7.99  8.22  8.71  8.45  8.62  9.49  9.06  9.33  9.33  8.73  8.72  8.23  7.05  6.27  4.95  3.10  
                  1.57  1.89  2.69  3.27  3.89  4.36  4.67  5.07  5.92  6.00  6.84  7.48  7.73  7.58  7.98  8.37  8.70  8.85  8.19  9.45  8.95  9.57  10.05  8.94  8.92  8.36  7.77  7.26  5.81  4.99  2.55  
                    1.74  2.39  3.03  3.49  4.18  4.77  5.33  5.72  5.80  6.41  6.79  7.08  8.01  8.62  8.54  8.75  9.56  9.25  8.95  9.49  9.74  9.81  9.31  9.48  9.16  8.39  7.17  6.38  5.59  4.54  2.65  
                      1.66  2.60  3.21  3.86  4.64  4.91  5.38  6.02  6.77  7.04  7.85  8.05  8.37  8.77  8.82  9.33  9.60  9.73  10.16  10.45  9.20  9.13  9.07  8.51  8.80  7.98  7.62  6.08  5.22  4.13  2.77  
                        1.75  2.77  3.51  4.30  4.97  5.71  6.05  6.86  7.35  7.84  8.51  8.52  9.20  9.41  9.60  10.13  9.90  9.14  10.75  9.87  9.45  9.48  8.96  8.33  8.31  7.39  7.10  5.93  5.23  4.04  2.65  
                          1.97  2.87  3.93  4.08  5.51  5.85  6.29  6.81  7.35  8.10  8.43  8.54  9.57  9.46  9.96  9.68  9.95  9.75  9.91  10.12  9.34  9.18  9.07  8.60  7.68  7.04  6.32  5.83  4.60  3.95  2.32  
                            2.04  3.12  4.14  4.63  5.55  5.89  6.81  7.36  8.05  8.26  8.57  9.32  9.29  9.50  9.92  10.22  9.98  9.96  9.97  9.50  9.46  8.88  8.25  8.04  7.57  6.96  6.45  5.10  4.51  3.71  2.40  
                              2.19  3.49  4.54  5.03  5.78  6.61  7.31  7.41  8.40  8.87  8.95  9.73  9.75  9.90  9.70  10.18  9.56  10.42  9.54  9.28  9.39  8.38  8.18  7.86  7.28  6.35  5.47  5.06  4.24  3.57  2.27  
                                2.35  3.69  4.59  5.48  6.39  7.59  7.73  8.18  8.76  9.43  9.24  9.91  10.07  9.84  9.59  10.57  9.65  9.33  9.27  8.86  8.84  8.12  7.91  7.19  7.04  6.13  5.46  5.18  4.24  2.98  2.18  
                                  2.73  3.66  4.66  5.91  6.05  7.20  8.29  8.76  9.14  9.25  8.77  9.66  10.30  9.91  9.99  9.25  9.64  9.71  9.53  8.95  9.04  8.10  7.42  6.93  6.45  6.09  5.40  4.53  3.79  3.07  1.96  
                                    2.73  4.07  5.08  6.19  7.03  7.74  8.24  8.57  9.52  9.62  9.83  10.13  9.93  9.67  10.00  9.38  9.73  9.12  8.58  8.13  7.91  7.78  7.52  6.56  6.25  5.35  4.99  4.14  3.72  2.89  1.77  
                                      2.55  4.08  5.37  6.40  7.19  7.71  8.69  9.44  9.30  9.69  9.91  9.56  9.55  9.20  9.67  9.00  8.93  8.45  8.24  8.49  7.84  6.95  6.43  6.42  5.96  4.76  4.21  4.00  3.44  2.46  1.74  
                                        2.63  4.36  5.79  6.72  7.27  8.10  8.54  9.28  9.30  9.73  9.73  10.12  9.97  8.99  9.14  8.49  8.64  8.41  7.78  7.96  7.04  6.65  6.24  5.50  5.52  4.48  3.95  4.07  3.09  2.31  1.71  
                                          3.09  4.46  5.55  7.40  7.68  8.17  9.00  9.42  9.16  9.47  9.69  9.50  9.38  8.55  8.85  8.64  7.79  7.79  7.46  7.18  6.43  6.29  5.95  5.45  4.58  4.51  3.71  3.10  2.73  2.29  1.49  
                                            3.09  4.97  6.15  7.29  7.86  8.90  8.82  9.18  9.30  9.27  9.50  9.27  8.56  8.25  8.30  7.63  7.10  7.05  6.53  6.04  6.04  5.77  5.06  4.51  4.07  4.20  3.46  3.03  2.49  2.10  1.57  
                                              3.10  4.79  6.61  7.80  8.17  9.50  9.62  8.78  9.42  8.97  8.70  8.53  8.24  7.76  7.21  7.19  6.69  6.47  6.31  5.79  5.47  4.96  4.70  4.24  3.81  3.50  3.31  2.59  2.23  2.02  1.32  
                                                3.38  4.87  6.17  7.74  8.23  8.82  9.00  8.15  8.61  8.28  8.14  8.30  7.30  7.21  6.35  6.20  6.22  6.08  5.48  5.19  4.92  4.32  4.09  3.64  3.62  3.01  2.67  2.69  2.03  1.54  1.12  
                                                  3.83  5.39  6.98  7.75  8.01  9.18  8.60  8.23  8.33  8.02  7.34  7.12  6.49  5.93  6.06  5.81  5.02  4.99  4.83  4.30  3.90  3.95  3.71  3.40  2.68  2.78  2.41  2.09  1.62  1.42  1.13  
                                                    3.64  6.00  7.80  8.10  7.83  8.15  8.51  7.26  7.03  6.42  6.47  6.02  5.80  5.32  5.30  5.11  4.34  4.18  3.83  3.57  3.77  3.35  3.14  2.82  2.88  2.20  2.20  1.94  1.45  1.28  0.97  
                                                      3.85  6.75  7.78  7.83  8.17  7.31  7.32  6.44  6.26  5.85  5.10  5.23  4.74  4.27  3.98  3.94  3.79  3.54  3.51  3.00  2.92  2.84  2.57  2.47  2.12  1.88  1.64  1.57  1.27  1.12  0.90  
                                                        4.40  7.14  7.47  7.47  6.89  6.17  5.73  5.16  4.73  4.43  3.82  3.74  3.56  3.50  3.31  3.28  2.84  2.87  2.62  2.53  2.16  2.23  2.08  2.10  1.63  1.58  1.49  1.35  1.08  0.91  0.86  
                                                          4.99  7.32  6.84  5.56  5.05  4.69  3.98  3.42  3.45  3.44  3.00  2.82  2.77  2.89  2.23  2.59  2.34  2.08  1.93  1.98  1.86  1.73  1.60  1.47  1.46  1.20  1.12  1.03  0.94  0.98  0.72  
                                                            6.83  4.88  3.92  3.39  2.87  2.47  2.43  2.27  2.00  2.01  1.83  1.86  1.63  1.68  1.59  1.58  1.47  1.45  1.41  1.34  1.27  1.02  1.24  1.09  0.95  0.92  0.86  0.77  0.72  0.62  0.54  

0.504982 prob. sum
