0.511278 black win rate, 19x19 board  1000000 samples
47 124 189 237 280 379 410 467 589 634 742 795 859 918 1037 1118 1265 1458 1926 
 94 202 325 412 525 648 758 869 981 1072 1244 1340 1430 1583 1661 1835 1965 2115 1290 
  156 313 406 587 743 824 970 1130 1285 1457 1545 1693 1891 1951 2089 2189 2270 1885 1016 
   168 363 492 679 857 1110 1174 1347 1557 1718 1919 2078 2105 2259 2286 2329 2061 1567 832 
    233 366 602 875 1025 1248 1414 1685 1788 1977 2098 2265 2379 2364 2404 2088 1833 1348 642 
     255 485 780 995 1169 1430 1674 1824 1938 2223 2338 2459 2419 2463 2384 2022 1722 1198 616 
      272 568 839 1116 1272 1619 1725 2010 2218 2410 2481 2516 2494 2348 2231 1919 1530 1058 519 
       323 604 858 1220 1450 1804 1986 2141 2411 2531 2532 2542 2407 2372 2055 1771 1368 937 501 
        321 655 1033 1282 1569 1938 2175 2328 2446 2525 2634 2539 2460 2195 1923 1555 1217 819 438 
         415 736 1150 1459 1810 2174 2301 2452 2552 2595 2673 2418 2197 2093 1752 1499 1158 761 367 
          456 796 1212 1604 1952 2226 2364 2548 2555 2599 2466 2405 2182 1950 1565 1393 1012 658 360 
           489 952 1393 1758 2024 2312 2504 2621 2585 2491 2444 2155 1933 1702 1451 1227 888 617 322 
            579 1047 1490 2021 2192 2444 2498 2554 2521 2342 2222 2105 1744 1691 1320 1064 827 533 290 
             595 1130 1665 2079 2373 2443 2419 2426 2356 2227 2070 1852 1655 1420 1210 949 755 476 234 
              727 1356 1857 2228 2438 2383 2313 2194 2108 1913 1859 1640 1465 1288 1026 810 614 388 239 
               819 1589 2074 2267 2213 2306 2150 2005 1865 1740 1499 1393 1189 1075 861 680 530 359 183 
                1019 1883 2164 2253 2013 1993 1871 1702 1597 1426 1314 1164 1009 856 679 574 386 267 150 
                 1329 2104 1923 1854 1682 1616 1542 1268 1151 1089 953 900 724 623 499 431 331 173 107 
                  1911 1518 1230 1151 1051 858 852 787 677 635 525 510 423 345 277 216 197 107 33 
166.352110 avg black moves (among black wins)
0 0 0 0 0 0 0 0 0 0 0 0 0 0 0 0 0 0 0 
 0 0 0 0 0 0 0 0 0 0 0 0 0 0 0 0 0 0 0 
  0 0 0 0 0 0 0 0 0 0 0 0 0 0 0 0 0 0 0 
   0 0 0 0 0 0 0 0 0 0 0 0 0 0 0 0 0 0 0 
    0 0 0 0 0 1 0 0 0 0 0 0 1 0 0 4 0 1 2 
     0 2 2 2 4 4 7 9 12 9 11 14 26 19 18 28 34 38 61 
      56 67 91 88 114 129 156 166 190 229 248 285 364 387 485 566 594 690 747 
       866 972 1102 1250 1442 1653 1772 1954 2182 2398 2609 3103 3320 3606 4030 4377 4761 5268 5716 
        6400 6938 7132 8037 8589 9306 9726 10637 11029 11803 12571 13494 13931 14765 15253 16135 16890 17163 17920 
         18432 19069 19470 20010 20491 20679 21161 21217 21433 21628 21627 0 0 0 0 0 0 0 0 
          0 0 0 0 0 0 0 0 0 0 0 0 0 0 0 0 0 0 0 
           0 0 0 0 0 0 0 0 0 0 0 0 0 0 0 0 0 0 0 
            0 0 0 0 0 0 0 0 0 0 0 0 0 0 0 0 0 0 0 
             0 0 0 0 0 0 0 0 0 0 0 0 0 0 0 0 0 0 0 
              0 0 0 0 0 0 0 0 0 0 0 0 0 0 0 0 0 0 0 
               0 0 0 0 0 0 0 0 0 0 0 0 0 0 0 0 0 0 0 
                0 0 0 0 0 0 0 0 0 0 0 0 0 0 0 0 0 0 0 
                 0 0 0 0 0 0 0 0 0 0 0 0 0 0 0 0 0 0 0 
                  0 0 0 0 0 0 0 0 0 0 0 0 0 0 0 0 0 0 0 

prob. cell in minimal winning black path
0.000   0.000   0.000   0.000   0.000   0.000   0.000   0.000   0.000   0.000   0.000   0.000   0.001   0.001   0.001   0.001   0.001   0.001   0.002   
  0.000   0.000   0.000   0.000   0.000   0.000   0.001   0.001   0.001   0.001   0.001   0.001   0.001   0.001   0.001   0.002   0.002   0.002   0.002   
    0.000   0.000   0.000   0.000   0.001   0.001   0.001   0.001   0.001   0.001   0.001   0.001   0.001   0.002   0.002   0.002   0.002   0.002   0.001   
      0.000   0.000   0.001   0.001   0.001   0.001   0.001   0.001   0.001   0.001   0.002   0.002   0.002   0.002   0.002   0.002   0.002   0.002   0.001   
        0.000   0.001   0.001   0.001   0.001   0.001   0.001   0.001   0.002   0.002   0.002   0.002   0.002   0.002   0.002   0.002   0.002   0.002   0.001   
          0.000   0.001   0.001   0.001   0.001   0.001   0.002   0.002   0.002   0.002   0.002   0.002   0.002   0.002   0.002   0.002   0.002   0.002   0.001   
            0.000   0.001   0.001   0.001   0.001   0.002   0.002   0.002   0.002   0.002   0.002   0.003   0.002   0.002   0.002   0.002   0.002   0.002   0.001   
              0.000   0.001   0.001   0.001   0.002   0.002   0.002   0.002   0.002   0.002   0.003   0.003   0.003   0.002   0.002   0.002   0.002   0.001   0.001   
                0.001   0.001   0.001   0.002   0.002   0.002   0.002   0.002   0.002   0.003   0.003   0.003   0.003   0.002   0.002   0.002   0.002   0.001   0.001   
                  0.001   0.001   0.001   0.002   0.002   0.002   0.002   0.003   0.003   0.003   0.003   0.002   0.002   0.002   0.002   0.002   0.001   0.001   0.001   
                    0.001   0.001   0.002   0.002   0.002   0.002   0.002   0.003   0.003   0.003   0.002   0.002   0.002   0.002   0.002   0.001   0.001   0.001   0.001   
                      0.001   0.001   0.002   0.002   0.002   0.002   0.003   0.003   0.003   0.002   0.002   0.002   0.002   0.002   0.002   0.001   0.001   0.001   0.001   
                        0.001   0.001   0.002   0.002   0.002   0.002   0.002   0.002   0.002   0.002   0.002   0.002   0.002   0.002   0.001   0.001   0.001   0.001   0.000   
                          0.001   0.002   0.002   0.002   0.002   0.002   0.002   0.002   0.002   0.002   0.002   0.002   0.002   0.001   0.001   0.001   0.001   0.001   0.000   
                            0.001   0.002   0.002   0.002   0.002   0.002   0.002   0.002   0.002   0.002   0.002   0.001   0.001   0.001   0.001   0.001   0.001   0.000   0.000   
                              0.001   0.002   0.002   0.002   0.002   0.002   0.002   0.002   0.002   0.001   0.001   0.001   0.001   0.001   0.001   0.001   0.001   0.000   0.000   
                                0.001   0.002   0.002   0.002   0.002   0.002   0.002   0.001   0.001   0.001   0.001   0.001   0.001   0.001   0.001   0.001   0.000   0.000   0.000   
                                  0.001   0.002   0.002   0.002   0.001   0.001   0.001   0.001   0.001   0.001   0.001   0.001   0.001   0.000   0.000   0.000   0.000   0.000   0.000   
                                    0.002   0.001   0.001   0.001   0.001   0.001   0.001   0.001   0.000   0.000   0.000   0.000   0.000   0.000   0.000   0.000   0.000   0.000   0.000   

0.511278 prob. sum
